#GEO
#FORMAT NCOLS
#COLUMNS
stnid	latitude	longitude	level	date	time	height	q0	q1	q2	q3	q4	q5	q6	q7	q8	q9	q10	q11	q12	q13	q14	q15	q16	q17	q18	q19	q20	q21	q22	q23	q24	q25	q26	q27	q28	q29	q30	q31	q32	q33	q34	q35	q36	q37	q38	q39	q40	q41	q42	q43	q44	q45	q46	q47	q48	q49	q50	q51	q52	q53	q54	q55	q56	q57	q58	q59	q60	q61	q62	q63	q64	q65	q66	q67	q68	q69	q70	q71	q72	q73	q74	q75	q76	q77	q78	q79	q80	q81	q82	q83	q84	q85	q86	q87	q88	q89	q90	q91	q92	q93	q94	q95	q96	q97	q98	q99	q100	
# Missing values represented by 3e+38 (not user-changeable)
#METADATA
Parameter = Annual climatology for total precipitation (Italy)
Period = All months, 2016–2025
Time window = 1 day(s)
#DATA
11127	46.87	11.02	0	20250201	0	1939	0	0	0	0	0	0	0	0	0	0	0	0	0	0	0	0	0	0	0	0	0	0	0	0	0	0	0	0	0	0	0	0	0	0	0	0	0	0	0	0	0	0	0	0	0	0	0	0	0.1	0.1	0.1	0.2	0.2	0.2	0.3	0.3	0.4	0.4	0.5	0.6	0.7	0.8	0.9	1	1	1	1.1	1.2	1.3	1.5	1.7	2	2	2	2.2	2.6	2.9	3	3	3.4	3.8	4	4.1	4.4	5	5	5.9	6.1	6.9	7.1	8	9	10	11	12	13.3	15	17	22	29	93
11201	46.75	12.42	0	20250201	0	1084	0	0	0	0	0	0	0	0	0	0	0	0	0	0	0	0	0	0	0	0	0	0	0	0	0	0	0	0	0	0	0	0	0	0	0	0	0	0	0	0	0	0	0	0	0	0	0	0	0	0	0	0	0	0	0	0	0	0	0	0	0	0.1	0.1	0.1	0.2	0.3	0.3	0.4	0.5	0.6	0.9	1	1	1.5	2	2	2	2.4	3	3	3.5	4	4.1	5	5	6	6.3	7.1	8	9	10	11	12	14	15.6	18	20	24	29.7	37	137
11204	46.83	12.81	0	20250201	0	668	0	0	0	0	0	0	0	0	0	0	0	0	0	0	0	0	0	0	0	0	0	0	0	0	0	0	0	0	0	0	0	0	0	0	0	0	0	0	0	0	0	0	0	0	0	0	0	0	0	0	0	0	0	0	0	0	0	0	0	0	0	0	0	0	0.1	0.1	0.1	0.2	0.3	0.4	0.5	0.6	0.8	1	1	1.1	1.5	2	2	2.1	2.7	3	3.1	3.9	4	5	5	6	6.3	7	8	9	10	12	14	16	18	21	27	32.1	143
11213	46.62	13.87	0	20250201	0	495	0	0	0	0	0	0	0	0	0	0	0	0	0	0	0	0	0	0	0	0	0	0	0	0	0	0	0	0	0	0	0	0	0	0	0	0	0	0	0	0	0	0	0	0	0	0	0	0	0	0	0	0	0	0	0	0	0	0	0	0	0	0	0	0.1	0.1	0.1	0.2	0.2	0.4	0.5	0.6	0.8	1	1	1	1.1	1.5	2	2	2.7	3	3.6	4	4.5	5	5.6	6.2	7.1	8.3	9	11	12.6	14	15	17	20	23.3	26	34.3	42	67
11214	46.94	14.91	0	20250201	0	1036	0	0	0	0	0	0	0	0	0	0	0	0	0	0	0	0	0	0	0	0	0	0	0	0	0	0	0	0	0	0	0	0	0	0	0	0	0	0	0	0	0	0	0	0	0	0	0	0	0	0	0	0	0	0	0	0	0	0	0	0	0	0	0.1	0.1	0.1	0.2	0.2	0.3	0.4	0.5	0.7	0.8	0.9	1	1	1.5	2	2	2.1	2.7	3	3	3.8	4	4.3	5	6	6.1	7	7.5	8.1	9	10.7	12	13	15	17	20	25	34	63
11225	46.85	14.19	0	20250201	0	712	0	0	0	0	0	0	0	0	0	0	0	0	0	0	0	0	0	0	0	0	0	0	0	0	0	0	0	0	0	0	0	0	0	0	0	0	0	0	0	0	0	0	0	0	0	0	0	0	0	0	0	0	0	0	0	0	0	0	0	0	0	0	0	0.1	0.1	0.2	0.2	0.3	0.4	0.4	0.6	0.7	0.9	1	1	1.2	1.7	2	2	2.5	3	3	3.2	4	4.1	5	5.2	6	6.9	7.1	8.4	9.1	10.9	12	13	15	17.7	21	25	32.9	95
11227	46.72	14.1	0	20250201	0	546	0	0	0	0	0	0	0	0	0	0	0	0	0	0	0	0	0	0	0	0	0	0	0	0	0	0	0	0	0	0	0	0	0	0	0	0	0	0	0	0	0	0	0	0	0	0	0	0	0	0	0	0	0	0	0	0	0	0	0	0	0	0	0	0.1	0.1	0.1	0.2	0.2	0.3	0.4	0.5	0.6	0.8	1	1	1.1	1.6	2	2	2.1	3	3.1	4	4.2	5	5.4	6	7	7.8	8.8	10	10.7	12	14	15.1	18	21	24	28.1	38.2	81
11229	46.76	14.83	0	20250201	0	404	0	0	0	0	0	0	0	0	0	0	0	0	0	0	0	0	0	0	0	0	0	0	0	0	0	0	0	0	0	0	0	0	0	0	0	0	0	0	0	0	0	0	0	0	0	0	0	0	0	0	0	0	0	0	0	0	0	0	0	0	0	0	0	0	0	0.1	0.1	0.1	0.2	0.3	0.3	0.4	0.5	0.6	0.8	1	1	1.1	1.4	2	2	2.2	3	3	3.7	4	4.2	5	5.9	6.1	7	8	8.8	10	11.2	13	16	17	21	28	57
11232	46.56	14.77	0	20250201	0	531	0	0	0	0	0	0	0	0	0	0	0	0	0	0	0	0	0	0	0	0	0	0	0	0	0	0	0	0	0	0	0	0	0	0	0	0	0	0	0	0	0	0	0	0	0	0	0	0	0	0	0	0	0	0	0	0	0	0	0	0	0	0	0.1	0.1	0.1	0.1	0.2	0.2	0.3	0.5	0.6	0.7	0.9	1	1	1.2	1.5	2	2	2.5	3	3.2	4	5	5.2	6	6.3	7.1	8	9	10.1	11.7	13	14.3	16	19	22	26	31	39.6	72
11234	46.49	14.59	0	20250201	0	619	0	0	0	0	0	0	0	0	0	0	0	0	0	0	0	0	0	0	0	0	0	0	0	0	0	0	0	0	0	0	0	0	0	0	0	0	0	0	0	0	0	0	0	0	0	0	0	0	0	0	0	0	0	0	0	0	0	0	0	0	0.1	0.1	0.1	0.2	0.2	0.3	0.4	0.5	0.7	0.8	1	1	1.1	1.4	2	2	2.3	3	3	3.4	4	4.4	5	6	6.2	7	8	8.4	9.2	10.7	12	13.5	15	16.5	19	21.2	25	29	34	45	86
11244	46.87	15.9	0	20250201	0	271	0	0	0	0	0	0	0	0	0	0	0	0	0	0	0	0	0	0	0	0	0	0	0	0	0	0	0	0	0	0	0	0	0	0	0	0	0	0	0	0	0	0	0	0	0	0	0	0	0	0	0	0	0	0	0	0	0	0	0	0	0	0	0	0	0	0	0.1	0.1	0.1	0.2	0.2	0.3	0.4	0.6	0.7	0.8	1	1	1.3	1.7	2	2	2.5	3	3.1	4	4.2	5	6	6.2	7	8	9.3	11	12.6	14	15.2	18.2	22.8	29	75
11252	47	12.46	0	20250201	0	1193	0	0	0	0	0	0	0	0	0	0	0	0	0	0	0	0	0	0	0	0	0	0	0	0	0	0	0	0	0	0	0	0	0	0	0	0	0	0	0	0	0	0	0	0	0	0	0	0	0	0	0	0	0	0	0	0	0	0	0	0	0	0.1	0.1	0.1	0.2	0.3	0.4	0.5	0.6	0.8	0.9	1	1	1.1	1.4	2	2	2	2.2	2.7	3	3.1	4	4	4.4	5	5.3	6	6.1	7	8	9	10.2	11.5	12.7	14	16.4	19	22	29	80
11255	46.68	13	0	20250201	0	711	0	0	0	0	0	0	0	0	0	0	0	0	0	0	0	0	0	0	0	0	0	0	0	0	0	0	0	0	0	0	0	0	0	0	0	0	0	0	0	0	0	0	0	0	0	0	0	0	0	0	0	0	0	0	0	0	0	0	0	0	0	0.1	0.1	0.1	0.2	0.2	0.3	0.4	0.6	0.7	0.9	1	1	1.3	2	2	2	2.5	3	3.1	3.9	4	5	5.3	6	7	8	9	10	11	12	13	14	16	19	22	26.3	31	39	53.4	133
11260	46.99	13.17	0	20250201	0	1201	0	0	0	0	0	0	0	0	0	0	0	0	0	0	0	0	0	0	0	0	0	0	0	0	0	0	0	0	0	0	0	0	0	0	0	0	0	0	0	0	0	0	0	0	0	0	0	0	0	0	0	0	0	0	0	0.1	0.1	0.1	0.2	0.2	0.3	0.3	0.4	0.5	0.6	0.7	0.9	1	1	1.1	1.2	1.6	2	2	2.1	2.4	2.9	3	3.1	3.5	4	4.3	5	5.1	6	6.3	7	7.7	8	9	10	11	12	13	15	17	19	23	28	40	130
11263	46.72	13.29	0	20250201	0	956	0	0	0	0	0	0	0	0	0	0	0	0	0	0	0	0	0	0	0	0	0	0	0	0	0	0	0	0	0	0	0	0	0	0	0	0	0	0	0	0	0	0	0	0	0	0	0	0	0	0	0	0	0	0	0	0	0	0	0	0	0	0	0.1	0.1	0.2	0.2	0.3	0.4	0.6	0.7	0.9	1	1	1.1	1.5	2	2	2.3	3	3	3.3	4	4.6	5	6	6.9	7.4	8.1	9	10	11.1	13	14.1	16	18	20	23.1	27	36.7	49.1	103.3
11265	46.6	13.67	0	20250201	0	2160	0	0	0	0	0	0	0	0	0	0	0	0	0	0	0	0	0	0	0	0	0	0	0	0	0	0	0	0	0	0	0	0	0	0	0	0	0	0	0	0	0	0	0	0	0	0	0	0	0	0	0	0	0	0	0	0.1	0.1	0.1	0.1	0.2	0.2	0.3	0.4	0.4	0.5	0.6	0.7	0.9	1	1	1.1	1.4	1.9	2	2	2.2	2.8	3	3.1	3.5	4	4.1	5	6	6.7	7.5	8	9	10	11	12.1	13.3	15	17	20	22.1	26.2	30	33	42	93.6
11270	46.74	13.08	0	20250201	0	627	0	0	0	0	0	0	0	0	0	0	0	0	0	0	0	0	0	0	0	0	0	0	0	0	0	0	0	0	0	0	0	0	0	0	0	0	0	0	0	0	0	0	0	0	0	0	0	0	0	0	0	0	0	0	0	0	0	0	0	0	0	0	0	0.1	0.1	0.1	0.2	0.3	0.4	0.5	0.6	0.8	1	1	1.1	1.8	2	2	2.4	3	3.1	3.8	4	5	5.6	6	7	7.4	8.2	9	10	12	13.1	15	17	20	22	27	34	51	122
11272	46.79	13.49	0	20250201	0	544	0	0	0	0	0	0	0	0	0	0	0	0	0	0	0	0	0	0	0	0	0	0	0	0	0	0	0	0	0	0	0	0	0	0	0	0	0	0	0	0	0	0	0	0	0	0	0	0	0	0	0	0	0	0	0	0	0	0	0	0	0.1	0.1	0.1	0.1	0.2	0.2	0.3	0.3	0.4	0.5	0.6	0.7	1	1	1.1	1.5	2	2	2.3	3	3	3.2	4	4.3	5	5.9	6.1	7	8	9	9.9	11	13	15	17	20.3	23	27	33	46.7	89
11275	46.73	13.85	0	20250201	0	892	0	0	0	0	0	0	0	0	0	0	0	0	0	0	0	0	0	0	0	0	0	0	0	0	0	0	0	0	0	0	0	0	0	0	0	0	0	0	0	0	0	0	0	0	0	0	0	0	0	0	0	0	0	0	0	0	0	0	0	0	0	0	0.1	0.1	0.2	0.2	0.3	0.4	0.5	0.6	0.8	1	1	1.1	1.3	2	2	2.1	2.8	3	3.1	3.7	4	4.5	5	5.4	6	7	8	8.6	9.3	11	12.9	14	16	18.7	21	25	29.1	38	91
11278	46.63	14.17	0	20250201	0	453	0	0	0	0	0	0	0	0	0	0	0	0	0	0	0	0	0	0	0	0	0	0	0	0	0	0	0	0	0	0	0	0	0	0	0	0	0	0	0	0	0	0	0	0	0	0	0	0	0	0	0	0	0	0	0	0	0	0	0	0	0	0	0	0.1	0.1	0.1	0.2	0.2	0.3	0.4	0.5	0.6	0.8	0.9	1	1	1.3	2	2	2.1	3	3	3.8	4.1	5	5.5	6	7	8	9	10.1	11.8	13	15	16	18	20.1	25	30	39.1	80.1
11285	46.82	15.23	0	20250201	0	355	0	0	0	0	0	0	0	0	0	0	0	0	0	0	0	0	0	0	0	0	0	0	0	0	0	0	0	0	0	0	0	0	0	0	0	0	0	0	0	0	0	0	0	0	0	0	0	0	0	0	0	0	0	0	0	0	0	0	0	0	0	0	0	0	0.1	0.1	0.1	0.2	0.3	0.3	0.4	0.6	0.7	0.8	0.9	1	1	1.4	2	2	2.5	3	3	3.9	4	5	5	6	6.8	7.1	8	9	10	11.1	13	15	17.5	21	25	33.6	77
11296	46.77	15.55	0	20250201	0	266	0	0	0	0	0	0	0	0	0	0	0	0	0	0	0	0	0	0	0	0	0	0	0	0	0	0	0	0	0	0	0	0	0	0	0	0	0	0	0	0	0	0	0	0	0	0	0	0	0	0	0	0	0	0	0	0	0	0	0	0	0	0	0	0	0	0	0.1	0.1	0.1	0.2	0.3	0.4	0.4	0.6	0.7	0.9	1	1	1.5	2	2	2.3	3	3	3.5	4	4.5	5	6	7	8	9	10	11.1	13	15	17	19.2	24.5	33.1	85.5
11298	46.95	15.88	0	20250201	0	320	0	0	0	0	0	0	0	0	0	0	0	0	0	0	0	0	0	0	0	0	0	0	0	0	0	0	0	0	0	0	0	0	0	0	0	0	0	0	0	0	0	0	0	0	0	0	0	0	0	0	0	0	0	0	0	0	0	0	0	0	0	0	0	0	0	0	0.1	0.1	0.1	0.2	0.2	0.3	0.5	0.6	0.7	0.8	1	1	1.2	1.9	2	2.1	2.5	3	3.2	4	4	4.8	5.1	6	7	8	9	10	12	13.9	15	18	22	26	80
11310	46.98	10.32	0	20250201	0	2319	0	0	0	0	0	0	0	0	0	0	0	0	0	0	0	0	0	0	0	0	0	0	0	0	0	0	0	0	0	0	0	0	0	0	0	0	0	0	0	0	0	0	0	0	0	0	0	0	0	0	0.1	0.1	0.1	0.2	0.3	0.3	0.4	0.5	0.5	0.6	0.8	0.9	1	1	1.1	1.2	1.3	1.6	1.9	2	2	2.1	2.3	2.6	2.9	3	3.1	3.3	3.9	4	4.2	4.7	5	5.2	5.8	6	6.5	7	7.6	8.1	9	10	10.2	11.4	12.7	14	15.9	17.1	20.2	25.6	64
11312	46.97	10.19	0	20250201	0	1577	0	0	0	0	0	0	0	0	0	0	0	0	0	0	0	0	0	0	0	0	0	0	0	0	0	0	0	0	0	0	0	0	0	0	0	0	0	0	0	0	0	0	0	0	0	0	0	0	0	0	0	0.1	0.1	0.1	0.1	0.2	0.2	0.3	0.3	0.4	0.5	0.6	0.6	0.8	0.9	1	1	1.1	1.2	1.3	1.5	1.8	2	2	2.1	2.4	2.8	3	3	3.3	3.6	4	4	4.7	5	5.2	6	6.3	7	8	8.7	9.1	10.1	11.2	13	14	16	18.3	21	26.6	55
11316	46.93	10.88	0	20250201	0	2848	0	0	0	0	0	0	0	0	0	0	0	0	0	0	0	0	0	0	0	0	0	0	0	0	0	0	0	0	0	0	0	0	0	0	0	0	0	0	0	0	0	0	0	0	0	0	0.1	0.1	0.1	0.2	0.2	0.3	0.3	0.4	0.5	0.5	0.6	0.7	0.8	0.9	1	1	1.1	1.2	1.3	1.5	1.8	2	2	2.2	2.4	2.6	3	3	3.2	3.6	4	4	4.3	4.7	5	5.1	5.6	6	6.2	7	7	8	8.1	9	9.9	10.2	11	12	13	15	16.4	18	21	28	59
11331	46.65	14.32	0	20250201	0	452	0	0	0	0	0	0	0	0	0	0	0	0	0	0	0	0	0	0	0	0	0	0	0	0	0	0	0	0	0	0	0	0	0	0	0	0	0	0	0	0	0	0	0	0	0	0	0	0	0	0	0	0	0	0	0	0	0	0	0	0	0	0	0	0.1	0.1	0.1	0.1	0.2	0.3	0.3	0.4	0.5	0.6	0.8	0.9	1	1	1.3	2	2	2.5	3	3	4	4.1	5	5.4	6	7	7.8	8.4	9.7	10.2	12	14	16	18.6	21.9	26	34	76.5
12910	46.92	16.32	0	20250201	0	313	0	0	0	0	0	0	0	0	0	0	0	0	0	0	0	0	0	0	0	0	0	0	0	0	0	0	0	0	0	0	0	0	0	0	0	0	0	0	0	0	0	0	0	0	0	0	0	0	0	0	0	0	0	0	0	0	0	0	0	0	0	0	0	0	0.1	0.1	0.1	0.1	0.2	0.2	0.3	0.3	0.4	0.6	0.7	0.8	0.9	1	1.1	1.5	1.9	2	2.3	2.8	3	3.7	4	4.9	5.2	6	7	8	8.9	10	11	13	15.2	18	21	26.4	61
12915	46.87	16.8	0	20250201	0	241	0	0	0	0	0	0	0	0	0	0	0	0	0	0	0	0	0	0	0	0	0	0	0	0	0	0	0	0	0	0	0	0	0	0	0	0	0	0	0	0	0	0	0	0	0	0	0	0	0	0	0	0	0	0	0	0	0	0	0	0	0	0	0	0	0	0	0.1	0.1	0.1	0.1	0.2	0.2	0.3	0.3	0.4	0.6	0.7	0.8	1	1	1.1	1.4	1.8	2	2.3	2.9	3.2	3.9	4.1	5	6	6.7	7.7	8.8	10	11.6	13.4	16	19.1	26	71.4
12922	46.68	17.17	0	20250201	0	125	0	0	0	0	0	0	0	0	0	0	0	0	0	0	0	0	0	0	0	0	0	0	0	0	0	0	0	0	0	0	0	0	0	0	0	0	0	0	0	0	0	0	0	0	0	0	0	0	0	0	0	0	0	0	0	0	0	0	0	0	0	0	0	0	0	0	0.1	0.1	0.1	0.1	0.2	0.2	0.3	0.4	0.4	0.5	0.6	0.8	0.9	1	1.2	1.5	2	2	2.3	2.8	3.2	4	4.2	5	5.7	6.4	7.3	8.4	10	11.6	13.6	16	19.8	26	73.5
12925	46.45	16.97	0	20250201	0	141	0	0	0	0	0	0	0	0	0	0	0	0	0	0	0	0	0	0	0	0	0	0	0	0	0	0	0	0	0	0	0	0	0	0	0	0	0	0	0	0	0	0	0	0	0	0	0	0	0	0	0	0	0	0	0	0	0	0	0	0	0	0	0	0	0	0.1	0.1	0.1	0.1	0.2	0.2	0.3	0.3	0.4	0.5	0.6	0.8	0.9	1	1.1	1.4	1.8	2	2.6	3	3.2	4	4.1	5	5.6	6.3	7.1	8	9.3	11	12.5	14.1	16.1	19	23.5	105.1
12935	46.92	18.05	0	20250201	0	109	0	0	0	0	0	0	0	0	0	0	0	0	0	0	0	0	0	0	0	0	0	0	0	0	0	0	0	0	0	0	0	0	0	0	0	0	0	0	0	0	0	0	0	0	0	0	0	0	0	0	0	0	0	0	0	0	0	0	0	0	0	0	0	0	0	0	0	0	0	0	0.1	0.1	0.1	0.1	0.2	0.3	0.3	0.4	0.6	0.7	0.9	1	1	1.3	2	2	2.4	2.8	3.1	4	4.4	5	5.8	7	8	9.1	10.7	13	16.5	21.5	66.7
12942	46	18.23	0	20250201	0	203	0	0	0	0	0	0	0	0	0	0	0	0	0	0	0	0	0	0	0	0	0	0	0	0	0	0	0	0	0	0	0	0	0	0	0	0	0	0	0	0	0	0	0	0	0	0	0	0	0	0	0	0	0	0	0	0	0	0	0	0	0	0	0	0	0	0	0	0	0.1	0.1	0.1	0.2	0.2	0.3	0.4	0.6	0.7	0.8	1	1	1.2	1.6	1.9	2	2.2	2.7	3	3.6	4	4.4	5.1	6	7	8	9	10.1	12.1	14.9	17.2	24	60
12950	46.58	18.85	0	20250201	0	98	0	0	0	0	0	0	0	0	0	0	0	0	0	0	0	0	0	0	0	0	0	0	0	0	0	0	0	0	0	0	0	0	0	0	0	0	0	0	0	0	0	0	0	0	0	0	0	0	0	0	0	0	0	0	0	0	0	0	0	0	0	0	0	0	0	0	0	0	0	0.1	0.1	0.1	0.2	0.2	0.3	0.4	0.5	0.7	0.8	0.9	1	1.2	1.4	1.8	2	2.2	2.7	3	3.6	4.1	4.6	5.2	6	7	8	9	10.3	13	16.8	22.7	46.8
13459	42.77	18.95	0	20250201	0	647	0	0	0	0	0	0	0	0	0	0	0	0	0	0	0	0	0	0	0	0	0	0	0	0	0	0	0	0	0	0	0	0	0	0	0	0	0	0	0	0	0	0	0	0	0	0	0	0	0	0	0	0	0	0	0	0	0	0	0	0	0	0	0	0	0.1	0.1	0.2	0.3	0.4	0.6	0.9	1	1.2	2	2	2.5	3	3.3	4	4.6	5	6	7	8	9	10	11	12	14	15.7	17	19.1	23	26	28.6	32	37	43	56	75	275
14014	46.22	14.48	0	20250201	0	383	0	0	0	0	0	0	0	0	0	0	0	0	0	0	0	0	0	0	0	0	0	0	0	0	0	0	0	0	0	0	0	0	0	0	0	0	0	0	0	0	0	0	0	0	0	0	0	0	0	0	0	0	0	0	0	0	0	0	0	0	0	0.1	0.1	0.2	0.2	0.3	0.4	0.5	0.6	0.7	0.9	1	1.1	1.5	1.9	2	2.4	2.8	3	3.8	4.2	4.9	5.5	6.1	7	7.8	8.2	9.2	10.3	11.7	12.8	14.3	16	17.8	19.6	21.7	24.7	28.8	33.5	47	165.8
14235	45.91	15.97	0	20250201	0	992	0	0	0	0	0	0	0	0	0	0	0	0	0	0	0	0	0	0	0	0	0	0	0	0	0	0	0	0	0	0	0	0	0	0	0	0	0	0	0	0	0	0	0	0	0	0	0	0	0	0	0	0	0	0	0	0	0	0	0	0	0	0.1	0.1	0.1	0.2	0.3	0.3	0.4	0.5	0.8	1	1	1.1	1.4	2	2	2.1	2.7	3	3.5	4	4.7	5	5.5	6	7	7.6	8	9	10	12	13	14	16	18	20	23	26.9	33	43	98
14240	45.82	16.03	0	20250201	0	128	0	0	0	0	0	0	0	0	0	0	0	0	0	0	0	0	0	0	0	0	0	0	0	0	0	0	0	0	0	0	0	0	0	0	0	0	0	0	0	0	0	0	0	0	0	0	0	0	0	0	0	0	0	0	0	0	0	0	0	0	0	0	0	0	0	0.1	0.1	0.2	0.2	0.3	0.4	0.5	0.6	0.8	1	1	1.1	1.4	2	2	2.3	3	3.1	4	4.1	5	5.1	6	7	8	9	10	11	12	13.3	15	18	21	25	32.2	88.2
14241	45.73	16.05	0	20250201	0	109	0	0	0	0	0	0	0	0	0	0	0	0	0	0	0	0	0	0	0	0	0	0	0	0	0	0	0	0	0	0	0	0	0	0	0	0	0	0	0	0	0	0	0	0	0	0	0	0	0	0	0	0	0	0	0	0	0	0	0	0	0	0	0	0	0	0	0	0	0.2	0.2	0.3	0.4	0.6	0.8	1	1	1	1.4	2	2	2	2.8	3	3.6	4	4.6	5.2	6	7	8	9	10	11	12	14	16.2	18.2	21.4	25	32	96
14256	45.88	17.2	0	20250201	0	263	0	0	0	0	0	0	0	0	0	0	0	0	0	0	0	0	0	0	0	0	0	0	0	0	0	0	0	0	0	0	0	0	0	0	0	0	0	0	0	0	0	0	0	0	0	0	0	0	0	0	0	0	0	0	0	0	0	0	0	0	0	0	0	0	0	0	0.1	0.1	0.2	0.2	0.3	0.4	0.5	0.6	0.8	1	1	1.2	1.7	2	2	2.6	3	3.3	4	4.1	5	5.3	6	7	8	8.6	9.7	11	12	13.1	15.2	18	22	28	58
14280	45.5	18.56	0	20250201	0	89	0	0	0	0	0	0	0	0	0	0	0	0	0	0	0	0	0	0	0	0	0	0	0	0	0	0	0	0	0	0	0	0	0	0	0	0	0	0	0	0	0	0	0	0	0	0	0	0	0	0	0	0	0	0	0	0	0	0	0	0	0	0	0	0	0	0	0.1	0.1	0.2	0.2	0.3	0.4	0.5	0.6	0.7	0.9	1	1	1.2	1.6	2	2	2.3	3	3	3.4	4	4.4	5	5.9	6	7	8	9	10	11	13	16	19.9	25	61
14284	45.47	18.81	0	20250201	0	89	0	0	0	0	0	0	0	0	0	0	0	0	0	0	0	0	0	0	0	0	0	0	0	0	0	0	0	0	0	0	0	0	0	0	0	0	0	0	0	0	0	0	0	0	0	0	0	0	0	0	0	0	0	0	0	0	0	0	0	0	0	0	0	0	0	0.1	0.1	0.2	0.2	0.3	0.4	0.4	0.5	0.6	0.7	0.9	1	1	1.1	1.5	2	2	2.1	2.5	3	3	3.9	4.1	5	5.1	6.1	7	7.9	8.7	10	10.6	12	14.9	17.6	23	232
14307	44.9	13.93	0	20250201	0	63	0	0	0	0	0	0	0	0	0	0	0	0	0	0	0	0	0	0	0	0	0	0	0	0	0	0	0	0	0	0	0	0	0	0	0	0	0	0	0	0	0	0	0	0	0	0	0	0	0	0	0	0	0	0	0	0	0	0	0	0	0	0	0	0	0	0	0	0	0	0	0	0.1	0.1	0.2	0.3	0.4	0.6	0.8	1	1.1	2	2	2.4	3	3.5	4	5	6	6.3	7	8	9.4	11	12	14	17	20	26	31	39	915
14370	45.16	18	0	20250201	0	89	0	0	0	0	0	0	0	0	0	0	0	0	0	0	0	0	0	0	0	0	0	0	0	0	0	0	0	0	0	0	0	0	0	0	0	0	0	0	0	0	0	0	0	0	0	0	0	0	0	0	0	0	0	0	0	0	0	0	0	0	0	0	0	0	0.1	0.1	0.1	0.2	0.2	0.3	0.4	0.4	0.5	0.7	0.8	1	1	1.2	1.8	2	2	2.5	3	3	3.6	4	4.3	5	6	6.2	7	8	9	9.5	11	12.1	14.3	17	20	26	216.6
14382	45.16	18.7	0	20250201	0	98	0	0	0	0	0	0	0	0	0	0	0	0	0	0	0	0	0	0	0	0	0	0	0	0	0	0	0	0	0	0	0	0	0	0	0	0	0	0	0	0	0	0	0	0	0	0	0	0	0	0	0	0	0	0	0	0	0	0	0	0	0	0	0	0	0	0	0	0.1	0.1	0.2	0.2	0.3	0.4	0.4	0.6	0.7	0.9	1	1	1.2	1.9	2	2.1	2.6	3	3	3.8	4	5	5.9	6	7	8	9	10	12	14	16	18.8	23	65.3
14431	44.1	15.36	0	20250201	0	83	0	0	0	0	0	0	0	0	0	0	0	0	0	0	0	0	0	0	0	0	0	0	0	0	0	0	0	0	0	0	0	0	0	0	0	0	0	0	0	0	0	0	0	0	0	0	0	0	0	0	0	0	0	0	0	0	0	0	0	0	0	0	0	0	0	0	0	0	0.2	0.2	0.2	0.2	0.2	0.2	0.4	0.4	0.6	0.8	1	1	1.6	2	2.2	3	3.2	4	5	5	6	7	8	10	11	12	14	16.4	19.4	25	29	37	322.4
14444	43.54	16.3	0	20250201	0	21	0	0	0	0	0	0	0	0	0	0	0	0	0	0	0	0	0	0	0	0	0	0	0	0	0	0	0	0	0	0	0	0	0	0	0	0	0	0	0	0	0	0	0	0	0	0	0	0	0	0	0	0	0	0	0	0	0	0	0	0	0	0	0	0	0	0	0	0	0	0	0	0	0	0	0.1	0.2	0.3	0.4	0.6	0.8	1	1.3	2	2.2	3	3.7	4	5	5.8	7	8	9	10.2	12.8	14.8	16.4	20	23	29	37.2	121.5
14445	43.51	16.43	0	20250201	0	128	0	0	0	0	0	0	0	0	0	0	0	0	0	0	0	0	0	0	0	0	0	0	0	0	0	0	0	0	0	0	0	0	0	0	0	0	0	0	0	0	0	0	0	0	0	0	0	0	0	0	0	0	0	0	0	0	0	0	0	0	0	0	0	0	0	0	0	0	0	0	0	0	0	0.1	0.1	0.2	0.3	0.5	0.6	0.8	1	1.2	2	2.2	3	3	4	4.2	5	6	7	8	9	10	11.8	13.9	16	18.5	23	31	138
14474	42.56	18.27	0	20250201	0	167	0	0	0	0	0	0	0	0	0	0	0	0	0	0	0	0	0	0	0	0	0	0	0	0	0	0	0	0	0	0	0	0	0	0	0	0	0	0	0	0	0	0	0	0	0	0	0	0	0	0	0	0	0	0	0	0	0	0	0	0	0	0	0	0	0	0	0	0	0	0	0	0	0.2	0.2	0.4	0.6	0.8	1	1.2	2	2.2	3	3.2	4	4.8	5	6	7	8	9	11	12.2	14	15.8	18	20	22.2	27	31	39	129
14648	43.35	17.8	0	20250201	0	108	0	0	0	0	0	0	0	0	0	0	0	0	0	0	0	0	0	0	0	0	0	0	0	0	0	0	0	0	0	0	0	0	0	0	0	0	0	0	0	0	0	0	0	0	0	0	0	0	0	0	0	0	0	0	0	0	0	0	0	0	0	0	0	0	0	0	0	0	0.1	0.2	0.3	0.4	0.6	0.8	1	1	1.8	2	2.2	3	3.3	4	4.9	5	6	7	8	9	10.1	11.4	13.1	14.9	16	18	20	23	27	31	37	48.2	98
14652	43.72	18.27	0	20250201	0	2070	0	0	0	0	0	0	0	0	0	0	0	0	0	0	0	0	0	0	0	0	0	0	0	0	0	0	0	0	0	0	0	0	0	0	0	0	0	0	0	0	0	0	0	0	0	0	0	0	0	0	0	0	0	0	0	0.1	0.2	0.2	0.3	0.4	0.5	0.6	0.8	0.9	1	1	1	1.2	1.4	1.8	2	2	2	2.4	3	3	3	3.4	4	4	4.4	5	5	5.5	6	6.6	7	7.3	8.1	9	9.6	10	11	12	14	15.3	18	20	24	30	69
14654	43.87	18.43	0	20250201	0	638	0	0	0	0	0	0	0	0	0	0	0	0	0	0	0	0	0	0	0	0	0	0	0	0	0	0	0	0	0	0	0	0	0	0	0	0	0	0	0	0	0	0	0	0	0	0	0	0	0	0	0	0	0	0	0	0	0	0	0.1	0.1	0.1	0.1	0.2	0.2	0.3	0.4	0.5	0.6	0.7	0.8	1	1	1.1	1.4	1.8	2	2	2.2	2.5	3	3	3.3	4	4	4.6	5	6	6.3	7	7.9	8.4	9.9	10.9	12	13	14.1	16	18.2	21.1	26	80
16008	46.76	10.53	0	20250201	0	1461	0	0	0	0	0	0	0	0	0	0	0	0	0	0	0	0	0	0	0	0	0	0	0	0	0	0	0	0	0	0	0	0	0	0	0	0	0	0	0	0	0	0	0	0	0	0	0	0	0	0	0	0	0	0	0	0	0	0	0	0	0	0	0	0	0	0	0	0	0.1	0.1	0.2	0.2	0.2	0.2	0.4	0.4	0.6	0.6	0.8	1	1	1	1.2	1.4	1.8	2	2	2.4	2.8	3	3.4	4	4.8	5.4	6.2	7.4	9.4	12	14.8	20.8	1002.4
16021	46.3	11.79	0	20250201	0	2006	0	0	0	0	0	0	0	0	0	0	0	0	0	0	0	0	0	0	0	0	0	0	0	0	0	0	0	0	0	0	0	0	0	0	0	0	0	0	0	0	0	0	0	0	0	0	0	0	0	0	0	0	0	0	0	0	0	0	0	0	0	0	0	0	0	0	0	0	0	0	0	0	0	0	0.2	0.4	0.4	0.7	1	1	1.4	1.8	2	2.4	3	3.6	4	4.6	5.2	6	6.6	7.3	8.2	9.6	11	13.4	15.9	18.8	24.6	34	89.2
16022	46.16	11.03	0	20250201	0	2129	0	0	0	0	0	0	0	0	0	0	0	0	0	0	0	0	0	0	0	0	0	0	0	0	0	0	0	0	0	0	0	0	0	0	0	0	0	0	0	0	0	0	0	0	0	0	0	0	0	0	0	0	0	0	0	0	0	0	0	0	0	0	0	0	0	0	0.1	0.2	0.2	0.2	0.4	0.4	0.6	0.8	1	1	1.2	1.4	1.7	2	2.2	2.6	3	3.3	3.8	4.4	4.8	5.8	6.2	7.2	7.8	9	10	11.2	12.6	14.8	18.4	22.8	28.2	43.4	990
16059	45.2	7.65	0	20250201	0	287	0	0	0	0	0	0	0	0	0	0	0	0	0	0	0	0	0	0	0	0	0	0	0	0	0	0	0	0	0	0	0	0	0	0	0	0	0	0	0	0	0	0	0	0	0	0	0	0	0	0	0	0	0	0	0	0	0	0	0	0	0	0	0	0	0	0	0	0	0	0	0	0	0.2	0.2	0.2	0.2	0.4	0.6	0.6	0.8	1	1	1.2	2	2	2.4	3	4	4	5	6	7.2	8	10	12	14	17	21	25	34.4	102
16061	45.03	7.73	0	20250201	0	710	0	0	0	0	0	0	0	0	0	0	0	0	0	0	0	0	0	0	0	0	0	0	0	0	0	0	0	0	0	0	0	0	0	0	0	0	0	0	0	0	0	0	0	0	0	0	0	0	0	0	0	0	0	0	0	0	0	0	0	0	0	0	0	0	0	0	0	0	0	0	0	0	0	0	0	0.2	0.2	0.4	0.4	0.6	0.8	1	1.2	1.6	2	2.2	2.6	3	4	4.7	5.5	6.6	7.5	8.3	10	12	14	17	21	29	77
16066	45.63	8.72	0	20250201	0	212	0	0	0	0	0	0	0	0	0	0	0	0	0	0	0	0	0	0	0	0	0	0	0	0	0	0	0	0	0	0	0	0	0	0	0	0	0	0	0	0	0	0	0	0	0	0	0	0	0	0	0	0	0	0	0	0	0	0	0	0	0	0	0	0	0	0	0	0	0	0	0	0.2	0.2	0.2	0.2	0.4	0.6	0.6	1	1	1.2	1.6	2	2.2	3	3.2	4	4.6	5.8	6.8	8	9	10	12	14	16	20.2	25	29.6	42	109
16076	45.67	9.7	0	20250201	0	237	0	0	0	0	0	0	0	0	0	0	0	0	0	0	0	0	0	0	0	0	0	0	0	0	0	0	0	0	0	0	0	0	0	0	0	0	0	0	0	0	0	0	0	0	0	0	0	0	0	0	0	0	0	0	0	0	0	0	0	0	0	0	0	0	0	0	0	0	0	0	0.2	0.2	0.2	0.4	0.4	0.6	0.8	1	1	1.2	2	2	2.6	3	4	4.4	5	6	7	8	9.6	11	13	15	16.4	19	22.2	26	32.2	42	921
16080	45.45	9.28	0	20250201	0	103	0	0	0	0	0	0	0	0	0	0	0	0	0	0	0	0	0	0	0	0	0	0	0	0	0	0	0	0	0	0	0	0	0	0	0	0	0	0	0	0	0	0	0	0	0	0	0	0	0	0	0	0	0	0	0	0	0	0	0	0	0	0	0	0	0	0	0.2	0.2	0.2	0.2	0.2	0.2	0.2	0.2	0.2	0.4	0.6	0.8	1	1	1	1.4	2	2	2.6	3	3.8	4	5	5.6	6.2	7.4	9	10.4	12	14.6	16.6	21	26	34.4	133
16088	45.42	10.28	0	20250201	0	97	0	0	0	0	0	0	0	0	0	0	0	0	0	0	0	0	0	0	0	0	0	0	0	0	0	0	0	0	0	0	0	0	0	0	0	0	0	0	0	0	0	0	0	0	0	0	0	0	0	0	0	0	0	0	0	0	0	0	0	0	0	0	0	0	0	0	0	0	0	0	0.1	0.2	0.2	0.2	0.4	0.4	0.6	0.7	0.8	1	1.3	1.8	2	2.4	3	3.4	4	4.8	5.2	6	7	8.2	9.4	10.6	12.4	14.6	17.2	20.2	24.8	35	992
16098	45.68	12.11	0	20250201	0	42	0	0	0	0	0	0	0	0	0	0	0	0	0	0	0	0	0	0	0	0	0	0	0	0	0	0	0	0	0	0	0	0	0	0	0	0	0	0	0	0	0	0	0	0	0	0	0	0	0	0	0	0	0	0	0	0	0	0	0	0	0	0	0	0	0	0	0	0	0	0	0	0	0	0	0	0.1	0.2	0.2	0.2	0.4	0.6	0.8	1	1	1.6	2	2.5	3	4	4.8	5.6	6.4	8	9.4	11	13.2	16	19.7	24	31	90.4
16099	45.65	12.18	0	20250201	0	23	0	0	0	0	0	0	0	0	0	0	0	0	0	0	0	0	0	0	0	0	0	0	0	0	0	0	0	0	0	0	0	0	0	0	0	0	0	0	0	0	0	0	0	0	0	0	0	0	0	0	0	0	0	0	0	0	0	0	0	0	0	0	0	0	0	0	0	0	0	0.2	0.2	0.2	0.2	0.2	0.4	0.6	0.6	1	1	1	1.4	2	2	2.6	3	4	4	5	5.8	6.6	7.8	8.8	10	11	12	14.6	18	21	25	33	73
16105	45.51	12.35	0	20250201	0	6	0	0	0	0	0	0	0	0	0	0	0	0	0	0	0	0	0	0	0	0	0	0	0	0	0	0	0	0	0	0	0	0	0	0	0	0	0	0	0	0	0	0	0	0	0	0	0	0	0	0	0	0	0	0	0	0	0	0	0	0	0	0	0	0	0	0	0	0	0	0	0	0.2	0.2	0.2	0.2	0.4	0.4	0.4	0.6	0.8	1	1	1.6	2	2.2	3	4	4.2	5	6	7	8	10	11	13.6	15	18.8	22.6	27.8	41	118.8
16108	45.83	13.47	0	20250201	0	11	0	0	0	0	0	0	0	0	0	0	0	0	0	0	0	0	0	0	0	0	0	0	0	0	0	0	0	0	0	0	0	0	0	0	0	0	0	0	0	0	0	0	0	0	0	0	0	0	0	0	0	0	0	0	0	0	0	0	0	0	0	0	0	0	0	0	0	0.2	0.2	0.2	0.2	0.4	0.4	0.6	0.6	1	1	1	1.6	2	2.2	3	3.2	4	4	5	5.4	6	7	8	9.2	11	13	14.4	17	19	22	26	33.2	43	141
16111	44.24	8.2	0	20250201	0	1383	0	0	0	0	0	0	0	0	0	0	0	0	0	0	0	0	0	0	0	0	0	0	0	0	0	0	0	0	0	0	0	0	0	0	0	0	0	0	0	0	0	0	0	0	0	0	0	0	0	0	0	0	0	0	0	0	0	0	0	0	0	0	0	0	0	0	0	0	0	0	0	0.2	0.2	0.2	0.2	0.2	0.4	0.4	0.6	0.8	1	1.2	1.4	1.8	2	2.4	3	3.6	4.4	5	5.6	7	8.4	10	12.8	17	21	29	36.4	52	300
16120	44.41	8.84	0	20250201	0	3	0	0	0	0	0	0	0	0	0	0	0	0	0	0	0	0	0	0	0	0	0	0	0	0	0	0	0	0	0	0	0	0	0	0	0	0	0	0	0	0	0	0	0	0	0	0	0	0	0	0	0	0	0	0	0	0	0	0	0	0	0	0	0	0	0	0	0	0	0	0	0	0	0.2	0.2	0.2	0.2	0.4	0.4	0.4	0.6	0.8	1	1	1.2	1.8	2	2.4	3	4	4.8	6	7.2	10	11.2	14	18	23	28.6	37	51	186
16134	44.19	10.7	0	20250201	0	2173	0	0	0	0	0	0	0	0	0	0	0	0	0	0	0	0	0	0	0	0	0	0	0	0	0	0	0	0	0	0	0	0	0	0	0	0	0	0	0	0	0	0	0	0	0	0	0	0	0	0	0	0	0	0	0	0	0	0	0	0	0	0	0	0	0	0	0	0	0	0	0	0.2	0.2	0.2	0.4	0.4	0.4	0.6	0.8	0.8	1	1	1.2	1.6	2	2	2.4	2.8	3	3.8	4.2	5	5.6	6.4	7.6	8.6	10.4	13	15.6	21	137
16140	44.53	11.3	0	20250201	0	37	0	0	0	0	0	0	0	0	0	0	0	0	0	0	0	0	0	0	0	0	0	0	0	0	0	0	0	0	0	0	0	0	0	0	0	0	0	0	0	0	0	0	0	0	0	0	0	0	0	0	0	0	0	0	0	0	0	0	0	0	0	0	0	0	0	0	0	0	0	0	0	0	0	0	0	0	0	0	0.2	0.2	0.2	0.2	0.4	0.6	0.8	1	1.2	2	2.2	3	3.2	4	5	6	7	8.8	11	14	19.4	29	121.4
16148	44.23	12.29	0	20250201	0	10	0	0	0	0	0	0	0	0	0	0	0	0	0	0	0	0	0	0	0	0	0	0	0	0	0	0	0	0	0	0	0	0	0	0	0	0	0	0	0	0	0	0	0	0	0	0	0	0	0	0	0	0	0	0	0	0	0	0	0	0	0	0	0	0	0	0	0	0	0	0	0	0	0	0.1	0.2	0.2	0.2	0.4	0.4	0.6	0.7	0.8	1	1.2	1.4	1.8	2	2.4	3	3.4	4	5	6	7	8	9.5	12	14.4	19.8	27.4	71.5
16149	44.02	12.61	0	20250201	0	13	0	0	0	0	0	0	0	0	0	0	0	0	0	0	0	0	0	0	0	0	0	0	0	0	0	0	0	0	0	0	0	0	0	0	0	0	0	0	0	0	0	0	0	0	0	0	0	0	0	0	0	0	0	0	0	0	0	0	0	0	0	0	0	0	0	0	0	0	0	0	0	0.2	0.2	0.2	0.2	0.2	0.4	0.4	0.6	0.8	1	1	1	1.6	2	2	2.8	3	3.8	4	5	5.8	6.4	7.6	8.2	10	12	14	19	27	104.6
16158	43.68	10.4	0	20250201	0	6	0	0	0	0	0	0	0	0	0	0	0	0	0	0	0	0	0	0	0	0	0	0	0	0	0	0	0	0	0	0	0	0	0	0	0	0	0	0	0	0	0	0	0	0	0	0	0	0	0	0	0	0	0	0	0	0	0	0	0	0	0	0	0	0	0	0	0	0	0	0.1	0.2	0.2	0.2	0.2	0.4	0.5	0.6	0.8	1	1.2	1.6	2	2.2	2.6	3.1	3.9	4.4	5.2	6	6.8	7.6	8.6	10	11.6	13.4	16	19	22	27.8	36	107.2
16170	43.81	11.2	0	20250201	0	38	0	0	0	0	0	0	0	0	0	0	0	0	0	0	0	0	0	0	0	0	0	0	0	0	0	0	0	0	0	0	0	0	0	0	0	0	0	0	0	0	0	0	0	0	0	0	0	0	0	0	0	0	0	0	0	0	0	0	0	0	0	0	0	0	0	0	0	0.2	0.2	0.2	0.2	0.2	0.4	0.4	0.6	0.6	0.8	1	1	1.2	1.6	2	2.2	3	3	3.6	4	5	5.6	6	7	8	9	10	12	14	16.2	18.2	23	30.2	105
16179	43.52	12.73	0	20250201	0	574	0	0	0	0	0	0	0	0	0	0	0	0	0	0	0	0	0	0	0	0	0	0	0	0	0	0	0	0	0	0	0	0	0	0	0	0	0	0	0	0	0	0	0	0	0	0	0	0	0	0	0	0	0	0	0	0	0	0	0	0	0	0	0	0	0	0	0.1	0.2	0.2	0.4	0.4	0.6	0.8	1	1	1.2	1.6	1.8	2	2.2	2.6	3	3.6	4	4.6	5.2	6	6.8	7.4	8.6	9.4	10.4	11.6	13.2	15.6	18	20.6	23.6	29.4	38	127.4
16206	42.75	11.06	0	20250201	0	7	0	0	0	0	0	0	0	0	0	0	0	0	0	0	0	0	0	0	0	0	0	0	0	0	0	0	0	0	0	0	0	0	0	0	0	0	0	0	0	0	0	0	0	0	0	0	0	0	0	0	0	0	0	0	0	0	0	0	0	0	0	0	0	0	0	0	0	0	0	0	0	0	0	0	0	0	0	0	0	0	0	0	0	0	0	0.1	0.2	0.2	0.4	0.6	1	1.5	2	3	3.8	4.8	6.6	9	12	19	85.6
16214	42.03	11.83	0	20250201	0	4	0	0	0	0	0	0	0	0	0	0	0	0	0	0	0	0	0	0	0	0	0	0	0	0	0	0	0	0	0	0	0	0	0	0	0	0	0	0	0	0	0	0	0	0	0	0	0	0	0	0	0	0	0	0	0	0	0	0	0	0	0	0	0	0	0	0	0	0	0	0	0	0	0	0	0	0	0	0	0	0	0	0	0	0	0	0	0	0	0.2	0.2	0.4	0.6	1	1.4	2	3.2	4.8	6.6	9	14.4	57.2
16219	42.47	12.98	0	20250201	0	1875	0	0	0	0	0	0	0	0	0	0	0	0	0	0	0	0	0	0	0	0	0	0	0	0	0	0	0	0	0	0	0	0	0	0	0	0	0	0	0	0	0	0	0	0	0	0	0	0	0	0	0	0	0	0	0	0	0	0	0	0.1	0.1	0.2	0.2	0.2	0.3	0.3	0.4	0.5	0.5	0.6	0.6	0.7	0.8	1	1.1	1.2	1.4	1.6	1.8	2	2.2	2.5	3	3.3	3.7	4.1	4.7	5.2	6	6.6	7.6	8.5	9.5	10.4	11.8	12.6	14.5	16.3	21.2	29.6	89.7
16224	42.08	12.21	0	20250201	0	266	0	0	0	0	0	0	0	0	0	0	0	0	0	0	0	0	0	0	0	0	0	0	0	0	0	0	0	0	0	0	0	0	0	0	0	0	0	0	0	0	0	0	0	0	0	0	0	0	0	0	0	0	0	0	0	0	0	0	0	0	0	0	0	0	0	0	0	0	0.2	0.2	0.2	0.2	0.2	0.2	0.2	0.3	0.4	0.4	0.6	0.8	1	1.4	1.7	2	2.2	3	3.2	4	4.6	5.8	7	7.8	9.2	10.8	12	14	16.8	20	24	34.4	118.2
16230	42.44	14.19	0	20250201	0	11	0	0	0	0	0	0	0	0	0	0	0	0	0	0	0	0	0	0	0	0	0	0	0	0	0	0	0	0	0	0	0	0	0	0	0	0	0	0	0	0	0	0	0	0	0	0	0	0	0	0	0	0	0	0	0	0	0	0	0	0	0	0	0	0	0	0	0	0	0	0	0	0	0	0	0	0	0	0	0	0.2	0.2	0.2	0.2	0.4	0.6	0.8	1	1	2	2	2.2	3	3.6	4.2	6	7	9	11.4	16	25	114
16231	42.42	14.21	0	20250201	0	181	0	0	0	0	0	0	0	0	0	0	0	0	0	0	0	0	0	0	0	0	0	0	0	0	0	0	0	0	0	0	0	0	0	0	0	0	0	0	0	0	0	0	0	0	0	0	0	0	0	0	0	0	0	0	0	0	0	0	0	0	0	0	0	0	0	0	0	0	0	0	0	0.2	0.2	0.2	0.2	0.2	0.2	0.4	0.4	0.6	0.8	1	1	1.2	1.8	2	2.2	2.8	3	3.8	4	4.8	5.6	6.4	8	9.4	11.8	15	20	27	130
16242	41.8	12.24	0	20250201	0	3	0	0	0	0	0	0	0	0	0	0	0	0	0	0	0	0	0	0	0	0	0	0	0	0	0	0	0	0	0	0	0	0	0	0	0	0	0	0	0	0	0	0	0	0	0	0	0	0	0	0	0	0	0	0	0	0	0	0	0	0	0	0	0	0	0	0	0	0	0	0	0	0	0.2	0.2	0.2	0.2	0.2	0.2	0.4	0.4	0.6	0.6	0.8	1	1.2	1.8	2	2.2	3	3.6	4	4.8	5.6	7	8	10	12.2	16	19.2	25	103
16245	41.66	12.45	0	20250201	0	22	0	0	0	0	0	0	0	0	0	0	0	0	0	0	0	0	0	0	0	0	0	0	0	0	0	0	0	0	0	0	0	0	0	0	0	0	0	0	0	0	0	0	0	0	0	0	0	0	0	0	0	0	0	0	0	0	0	0	0	0	0	0	0	0	0	0	0	0	0	0	0	0	0	0	0	0	0	0	0	0	0	0	0	0	0	0	0	0	0	0	0	0	0.2	0.2	0.8	1.2	3	5.6	10	16.4	119.6
16253	41.06	14.08	0	20250201	0	10	0	0	0	0	0	0	0	0	0	0	0	0	0	0	0	0	0	0	0	0	0	0	0	0	0	0	0	0	0	0	0	0	0	0	0	0	0	0	0	0	0	0	0	0	0	0	0	0	0	0	0	0	0	0	0	0	0	0	0	0	0	0	0	0	0	0	0	0	0	0	0	0	0	0	0	0.1	0.2	0.2	0.4	0.6	0.8	1	1.2	1.8	2	2.4	3	3.8	4.2	5	6.2	7.4	9	10.4	12	14	18	22	28	41.2	107.4
16258	41.71	15.95	0	20250201	0	848	0	0	0	0	0	0	0	0	0	0	0	0	0	0	0	0	0	0	0	0	0	0	0	0	0	0	0	0	0	0	0	0	0	0	0	0	0	0	0	0	0	0	0	0	0	0	0	0	0	0	0	0	0	0	0	0	0	0	0	0	0	0	0	0	0	0	0	0	0	0.2	0.2	0.2	0.2	0.2	0.4	0.4	0.4	0.6	0.8	1	1	1.2	1.6	2	2.2	2.4	2.8	3.2	3.8	4.2	5	5.4	6	7	8	9	10.4	12.6	16.4	24	98
16270	41.14	16.77	0	20250201	0	49	0	0	0	0	0	0	0	0	0	0	0	0	0	0	0	0	0	0	0	0	0	0	0	0	0	0	0	0	0	0	0	0	0	0	0	0	0	0	0	0	0	0	0	0	0	0	0	0	0	0	0	0	0	0	0	0	0	0	0	0	0	0	0	0	0	0	0	0	0	0	0	0	0	0	0	0	0.2	0.2	0.2	0.2	0.2	0.4	0.4	0.6	0.8	1	1	1.2	2	2	3	3.2	4	4.6	5.4	7	9	10.8	16	22.8	73
16280	40.91	12.96	0	20250201	0	185	0	0	0	0	0	0	0	0	0	0	0	0	0	0	0	0	0	0	0	0	0	0	0	0	0	0	0	0	0	0	0	0	0	0	0	0	0	0	0	0	0	0	0	0	0	0	0	0	0	0	0	0	0	0	0	0	0	0	0	0	0	0	0	0	0	0	0	0	0	0	0	0	0	0	0	0	0	0.1	0.2	0.4	0.4	0.6	0.8	1	1.4	2	2.2	3	3.8	4.4	5	6.2	7	8.2	9.7	11	13.8	18.6	27.8	43	990
16289	40.88	14.29	0	20250201	0	72	0	0	0	0	0	0	0	0	0	0	0	0	0	0	0	0	0	0	0	0	0	0	0	0	0	0	0	0	0	0	0	0	0	0	0	0	0	0	0	0	0	0	0	0	0	0	0	0	0	0	0	0	0	0	0	0	0	0	0	0	0	0	0	0	0	0	0	0	0	0.1	0.2	0.2	0.2	0.2	0.2	0.4	0.4	0.6	0.8	1	1	1.2	1.6	2	2.2	2.8	3.2	4	4.4	5.8	6.8	7.4	8.6	10	11.8	13	16	19	24.2	32.6	71
16294	40.56	14.2	0	20250201	0	161	0	0	0	0	0	0	0	0	0	0	0	0	0	0	0	0	0	0	0	0	0	0	0	0	0	0	0	0	0	0	0	0	0	0	0	0	0	0	0	0	0	0	0	0	0	0	0	0	0	0	0	0	0	0	0	0	0	0	0	0	0	0	0	0	0	0	0	0	0	0	0	0	0	0.1	0.2	0.2	0.2	0.4	0.6	0.6	0.8	1	1.2	1.6	2	2.2	3	3.2	4	4.6	5.4	6	7.6	9.2	10.6	12	14.6	18.2	24.4	32.8	197
16312	40.77	16.94	0	20250201	0	352	0	0	0	0	0	0	0	0	0	0	0	0	0	0	0	0	0	0	0	0	0	0	0	0	0	0	0	0	0	0	0	0	0	0	0	0	0	0	0	0	0	0	0	0	0	0	0	0	0	0	0	0	0	0	0	0	0	0	0	0	0	0	0	0	0	0	0	0	0	0	0	0	0	0	0	0	0.1	0.2	0.2	0.2	0.4	0.5	0.7	0.9	1	1.4	1.6	2	2.4	3	3.4	4	5	5.8	7	8.4	11	13.2	17.2	27.2	88.4
16314	40.68	16.66	0	20250201	0	498	0	0	0	0	0	0	0	0	0	0	0	0	0	0	0	0	0	0	0	0	0	0	0	0	0	0	0	0	0	0	0	0	0	0	0	0	0	0	0	0	0	0	0	0	0	0	0	0	0	0	0	0	0	0	0	0	0	0	0	0	0.2	0.2	0.2	0.2	0.2	0.2	0.2	0.2	0.2	0.2	0.2	0.2	0.4	0.4	0.4	0.4	0.4	0.6	0.6	0.8	1	1.2	1.4	1.8	2	2.2	2.6	3	3.6	4	5	5.4	6.4	7.2	8.4	10	12.2	14.6	19.2	29.4	99.2
16320	40.66	17.95	0	20250201	0	10	0	0	0	0	0	0	0	0	0	0	0	0	0	0	0	0	0	0	0	0	0	0	0	0	0	0	0	0	0	0	0	0	0	0	0	0	0	0	0	0	0	0	0	0	0	0	0	0	0	0	0	0	0	0	0	0	0	0	0	0	0	0	0	0	0	0	0	0	0	0	0	0	0	0.2	0.2	0.2	0.2	0.4	0.4	0.4	0.6	0.8	1	1	1.4	2	2	2.2	3	3.4	4	4.8	5	6	7	9	11	13	17	25.6	111.8
16332	40.24	18.14	0	20250201	0	53	0	0	0	0	0	0	0	0	0	0	0	0	0	0	0	0	0	0	0	0	0	0	0	0	0	0	0	0	0	0	0	0	0	0	0	0	0	0	0	0	0	0	0	0	0	0	0	0	0	0	0	0	0	0	0	0	0	0	0	0	0	0	0	0	0	0	0	0	0	0	0	0	0	0	0	0.2	0.2	0.3	0.4	0.4	0.6	0.8	1	1.2	1.4	1.8	2	2.4	3	3.6	4.2	5.1	6.4	7.6	9	10.8	13.4	16.5	22	30.4	88.4
16344	39.33	16.4	0	20250201	0	1677	0	0	0	0	0	0	0	0	0	0	0	0	0	0	0	0	0	0	0	0	0	0	0	0	0	0	0	0	0	0	0	0	0	0	0	0	0	0	0	0	0	0	0	0	0	0	0	0	0	0	0	0	0	0	0	0	0	0	0	0	0	0	0	0	0	0	0.1	0.2	0.2	0.3	0.4	0.5	0.6	0.8	1	1.2	1.6	2	2.2	2.7	3	3.4	4	4.6	5	6	6.8	7.8	8.6	9.6	11	12.2	13.8	15.2	17.4	20	22.6	26	31.5	39	391.8
16362	38.91	16.24	0	20250201	0	16	0	0	0	0	0	0	0	0	0	0	0	0	0	0	0	0	0	0	0	0	0	0	0	0	0	0	0	0	0	0	0	0	0	0	0	0	0	0	0	0	0	0	0	0	0	0	0	0	0	0	0	0	0	0	0	0	0	0	0	0	0	0	0	0	0	0	0	0	0.2	0.2	0.2	0.2	0.2	0.4	0.4	0.6	0.8	1	1	1.4	2	2	2.6	3	3.2	4	4.2	5	6	7	8	9	11	12	13	15	18	21.6	26.8	37	923
16364	38.76	16.37	0	20250201	0	998	0	0	0	0	0	0	0	0	0	0	0	0	0	0	0	0	0	0	0	0	0	0	0	0	0	0	0	0	0	0	0	0	0	0	0	0	0	0	0	0	0	0	0	0	0	0	0	0	0	0	0	0	0	0	0	0	0	0	0	0	0	0	0	0	0	0	0.2	0.2	0.2	0.4	0.4	0.6	0.8	1	1.2	1.6	2	2	2.4	3	3.4	4	4.4	5.2	6	6.4	7.4	8.2	9	10.4	11.6	12.8	14	15.4	17.6	20.8	24.2	28	35.4	46	343.2
16405	38.18	13.1	0	20250201	0	34	0	0	0	0	0	0	0	0	0	0	0	0	0	0	0	0	0	0	0	0	0	0	0	0	0	0	0	0	0	0	0	0	0	0	0	0	0	0	0	0	0	0	0	0	0	0	0	0	0	0	0	0	0	0	0	0	0	0	0	0	0	0	0	0	0	0	0	0	0	0	0	0	0	0	0.2	0.2	0.2	0.2	0.4	0.6	0.6	0.8	1	1	1.4	2	2	2.2	2.8	3	4	4.6	5	6	7	8.6	10	13	17	22	56.8
16420	38.2	15.55	0	20250201	0	54	0	0	0	0	0	0	0	0	0	0	0	0	0	0	0	0	0	0	0	0	0	0	0	0	0	0	0	0	0	0	0	0	0	0	0	0	0	0	0	0	0	0	0	0	0	0	0	0	0	0	0	0	0	0	0	0	0	0	0	0	0	0	0	0	0	0	0	0	0	0	0	0.1	0.2	0.2	0.4	0.4	0.6	0.8	1	1.3	1.6	2	2.2	2.6	3	3.6	4	5	6	7	8	9	10.2	12	14	16.6	19.6	23.8	30.8	45.4	620.6
16429	37.91	12.49	0	20250201	0	9	0	0	0	0	0	0	0	0	0	0	0	0	0	0	0	0	0	0	0	0	0	0	0	0	0	0	0	0	0	0	0	0	0	0	0	0	0	0	0	0	0	0	0	0	0	0	0	0	0	0	0	0	0	0	0	0	0	0	0	0	0	0	0	0	0	0	0	0	0	0	0	0	0	0	0	0.1	0.1	0.1	0.2	0.2	0.2	0.4	0.4	0.6	0.8	1	1.2	1.4	1.8	2	2.7	3.2	3.9	4.5	5.2	6.4	7.8	10	13.4	19	70.4
16459	37.41	14.92	0	20250201	0	29	0	0	0	0	0	0	0	0	0	0	0	0	0	0	0	0	0	0	0	0	0	0	0	0	0	0	0	0	0	0	0	0	0	0	0	0	0	0	0	0	0	0	0	0	0	0	0	0	0	0	0	0	0	0	0	0	0	0	0	0	0	0	0	0	0	0	0	0	0	0	0	0	0	0	0	0	0	0	0	0	0.1	0.1	0.2	0.2	0.2	0.3	0.4	0.6	0.8	1	1.3	1.9	2.2	3	4	5	6.6	8.8	13.6	22	134.7
16460	37.47	15.06	0	20250201	0	17	0	0	0	0	0	0	0	0	0	0	0	0	0	0	0	0	0	0	0	0	0	0	0	0	0	0	0	0	0	0	0	0	0	0	0	0	0	0	0	0	0	0	0	0	0	0	0	0	0	0	0	0	0	0	0	0	0	0	0	0	0	0	0	0	0	0	0	0	0	0	0	0	0	0	0	0	0	0	0	0	0.2	0.2	0.2	0.2	0.2	0.4	0.6	0.8	1	1.2	1.8	2	3	4	5	6.6	8.4	11	16.4	27	120.4
16520	40.63	8.29	0	20250201	0	40	0	0	0	0	0	0	0	0	0	0	0	0	0	0	0	0	0	0	0	0	0	0	0	0	0	0	0	0	0	0	0	0	0	0	0	0	0	0	0	0	0	0	0	0	0	0	0	0	0	0	0	0	0	0	0	0	0	0	0	0	0	0	0	0	0	0	0	0	0	0	0	0	0	0	0.2	0.2	0.2	0.2	0.2	0.2	0.4	0.6	0.8	1	1.8	2	3	3	3.8	4	5	6	6.4	8	9	10	12	14.6	18	25.2	64.2
16522	40.56	8.16	0	20250201	0	204	0	0	0	0	0	0	0	0	0	0	0	0	0	0	0	0	0	0	0	0	0	0	0	0	0	0	0	0	0	0	0	0	0	0	0	0	0	0	0	0	0	0	0	0	0	0	0	0	0	0	0	0	0	0	0	0	0	0	0	0	0	0	0	0	0	0	0	0	0	0	0	0	0	0	0	0	0	0	0	0.2	0.2	0.4	0.6	0.8	1	1	1.4	2	2.2	3	3.1	4	5	6	7	8.2	9.6	12	15	19.6	65.6
16531	40.9	9.52	0	20250201	0	13	0	0	0	0	0	0	0	0	0	0	0	0	0	0	0	0	0	0	0	0	0	0	0	0	0	0	0	0	0	0	0	0	0	0	0	0	0	0	0	0	0	0	0	0	0	0	0	0	0	0	0	0	0	0	0	0	0	0	0	0	0	0	0	0	0	0	0	0	0	0	0	0	0	0	0	0.2	0.2	0.2	0.2	0.2	0.2	0.4	0.4	0.6	0.8	1	1	1.2	2	2	2.6	3	4	5	6	8	9	11	16	24.8	98
16546	39.35	8.97	0	20250201	0	24	0	0	0	0	0	0	0	0	0	0	0	0	0	0	0	0	0	0	0	0	0	0	0	0	0	0	0	0	0	0	0	0	0	0	0	0	0	0	0	0	0	0	0	0	0	0	0	0	0	0	0	0	0	0	0	0	0	0	0	0	0	0	0	0	0	0	0	0	0	0	0	0	0	0	0	0	0	0	0	0.1	0.1	0.2	0.2	0.3	0.4	0.6	0.8	1	1.2	1.6	2	2.6	3.3	4.2	5	6	8	10	13.2	19.9	93
16550	39.93	9.71	0	20250201	0	150	0	0	0	0	0	0	0	0	0	0	0	0	0	0	0	0	0	0	0	0	0	0	0	0	0	0	0	0	0	0	0	0	0	0	0	0	0	0	0	0	0	0	0	0	0	0	0	0	0	0	0	0	0	0	0	0	0	0	0	0	0	0	0	0	0	0	0	0	0	0	0	0	0	0	0	0	0	0	0	0	0	0	0.1	0.2	0.2	0.2	0.4	0.6	0.8	1	1.2	1.8	2.2	3	4.2	5.4	7.8	9.6	14	20	990
16560	39.24	9.06	0	20250201	0	2	0	0	0	0	0	0	0	0	0	0	0	0	0	0	0	0	0	0	0	0	0	0	0	0	0	0	0	0	0	0	0	0	0	0	0	0	0	0	0	0	0	0	0	0	0	0	0	0	0	0	0	0	0	0	0	0	0	0	0	0	0	0	0	0	0	0	0	0	0	0	0	0	0.2	0.2	0.2	0.2	0.2	0.2	0.2	0.2	0.2	0.4	0.4	0.6	0.8	1	1.2	1.6	2	2.2	3	3.2	4	5	5.8	7	8	10.2	14	21	95.4
60360	36.83	7.82	0	20250201	0	8	0	0	0	0	0	0	0	0	0	0	0	0	0	0	0	0	0	0	0	0	0	0	0	0	0	0	0	0	0	0	0	0	0	0	0	0	0	0	0	0	0	0	0	0	0	0	0	0	0	0	0	0	0	0	0	0	0	0	0	0	0	0	0	0	0	0	0	0	0	0	0.1	0.2	0.2	0.2	0.2	0.2	0.3	0.4	0.6	0.7	1	1	1	1.4	2	2	2.8	3	4	4.2	5	6	6.2	7	8.4	10	12	15	20	26	87.8
60419	36.28	6.62	0	20250201	0	692	0	0	0	0	0	0	0	0	0	0	0	0	0	0	0	0	0	0	0	0	0	0	0	0	0	0	0	0	0	0	0	0	0	0	0	0	0	0	0	0	0	0	0	0	0	0	0	0	0	0	0	0	0	0	0	0	0	0	0	0	0	0	0	0	0	0	0	0	0	0	0	0	0	0	0	0.2	0.2	0.2	0.2	0.4	0.4	0.6	0.8	1	1	1	1.4	2	2	2.6	3	3.8	4.2	5.2	6	7	8.4	10.6	15	22	67
6604	47	6.95	0	20250201	0	485	0	0	0	0	0	0	0	0	0	0	0	0	0	0	0	0	0	0	0	0	0	0	0	0	0	0	0	0	0	0	0	0	0	0	0	0	0	0	0	0	0	0	0	0	0	0	0	0	0	0	0	0	0	0	0	0	0.1	0.1	0.1	0.1	0.2	0.2	0.3	0.4	0.5	0.6	0.7	0.8	1	1.1	1.2	1.4	1.5	1.8	2	2.1	2.3	2.6	3	3.2	3.5	4	4.4	5	5.4	6	6.4	7	7.9	8.5	9.3	10.2	11	12	13.1	14.7	16.2	19.2	23	29.3	88.2
6609	46.55	7.02	0	20250201	0	1975	0	0	0	0	0	0	0	0	0	0	0	0	0	0	0	0	0	0	0	0	0	0	0	0	0	0	0	0	0	0	0	0	0	0	0	0	0	0	0	0	0	0	0	0	0	0	0	0	0	0	0	0	0.1	0.1	0.1	0.1	0.1	0.2	0.2	0.3	0.4	0.5	0.6	0.7	0.8	1	1	1.1	1.3	1.5	1.7	2	2.1	2.3	2.6	2.8	3	3.2	3.8	4	4.4	4.8	5	5.5	6.1	6.6	7	7.9	8.3	9.1	10	11	11.8	13	14.1	15.7	18	20	23.1	27.9	58.9
6610	46.81	6.94	0	20250201	0	490	0	0	0	0	0	0	0	0	0	0	0	0	0	0	0	0	0	0	0	0	0	0	0	0	0	0	0	0	0	0	0	0	0	0	0	0	0	0	0	0	0	0	0	0	0	0	0	0	0	0	0	0	0	0	0	0	0	0	0.1	0.1	0.1	0.1	0.2	0.2	0.3	0.4	0.5	0.6	0.6	0.8	0.9	1	1.1	1.3	1.5	1.8	2	2.1	2.4	2.6	3	3.1	3.6	4	4.6	5	5.6	6.3	6.9	7.5	8.3	9.1	10	11	12	13.7	16	18	21.4	27	53
6617	46.98	6.61	0	20250201	0	1050	0	0	0	0	0	0	0	0	0	0	0	0	0	0	0	0	0	0	0	0	0	0	0	0	0	0	0	0	0	0	0	0	0	0	0	0	0	0	0	0	0	0	0	0	0	0	0	0	0	0	0.1	0.1	0.1	0.2	0.2	0.3	0.4	0.5	0.6	0.7	0.9	1	1.1	1.2	1.4	1.6	1.8	2	2.1	2.4	2.7	3	3.1	3.3	3.6	3.9	4.2	4.7	5	5.4	6	6.4	7	7.5	8	8.7	9.5	10.1	10.8	11.6	12.2	13.3	14.4	16	17	18.6	21.2	23	25.4	31.1	54.8
6618	46.74	6.57	0	20250201	0	437	0	0	0	0	0	0	0	0	0	0	0	0	0	0	0	0	0	0	0	0	0	0	0	0	0	0	0	0	0	0	0	0	0	0	0	0	0	0	0	0	0	0	0	0	0	0	0	0	0	0	0	0	0	0	0	0	0	0.1	0.1	0.1	0.1	0.2	0.2	0.3	0.4	0.4	0.5	0.6	0.7	0.8	1	1	1.2	1.3	1.5	1.7	2	2.1	2.3	2.7	3	3.3	3.7	4	4.4	4.9	5.3	6	6.7	7	7.8	8.5	9.5	10.9	11.9	13	15.3	17.4	20.2	25.9	61.7
6619	46.84	6.58	0	20250201	0	1206	0	0	0	0	0	0	0	0	0	0	0	0	0	0	0	0	0	0	0	0	0	0	0	0	0	0	0	0	0	0	0	0	0	0	0	0	0	0	0	0	0	0	0	0	0	0	0	0	0	0	0	0	0	0.1	0.1	0.1	0.2	0.2	0.3	0.4	0.5	0.6	0.7	0.8	1	1.1	1.3	1.6	1.9	2	2.2	2.5	2.8	3	3.3	3.7	4	4.3	4.7	5	5.4	5.9	6.5	7	7.6	8.2	9	9.7	10.5	11.5	12.4	13.5	14.8	15.6	17.1	19	21	24	28	32	68
6625	46.77	7.11	0	20250201	0	648	0	0	0	0	0	0	0	0	0	0	0	0	0	0	0	0	0	0	0	0	0	0	0	0	0	0	0	0	0	0	0	0	0	0	0	0	0	0	0	0	0	0	0	0	0	0	0	0	0	0	0	0	0	0	0	0	0	0.1	0.1	0.1	0.2	0.2	0.3	0.3	0.4	0.5	0.6	0.7	0.9	1	1	1.2	1.4	1.6	1.8	2	2.3	2.5	2.9	3.1	3.6	4	4.3	4.9	5.2	6	6.3	7	7.7	8.3	9	9.9	10.7	12	13	14.5	16.3	19	23	30	66.4
6627	46.48	7.14	0	20250201	0	1030	0	0	0	0	0	0	0	0	0	0	0	0	0	0	0	0	0	0	0	0	0	0	0	0	0	0	0	0	0	0	0	0	0	0	0	0	0	0	0	0	0	0	0	0	0	0	0	0	0	0	0	0	0	0	0	0.1	0.1	0.2	0.3	0.4	0.5	0.6	0.8	0.9	1	1.1	1.4	1.6	2	2.1	2.3	2.6	2.9	3	3.3	3.7	4	4.4	4.8	5.1	5.6	6	6.9	7.5	8.1	8.9	9.6	10.3	11.1	12	12.9	13.6	14.4	15.6	16.6	18	20.2	23.1	26.1	33	67.9
6628	46.75	7.27	0	20250201	0	1043	0	0	0	0	0	0	0	0	0	0	0	0	0	0	0	0	0	0	0	0	0	0	0	0	0	0	0	0	0	0	0	0	0	0	0	0	0	0	0	0	0	0	0	0	0	0	0	0	0	0	0	0	0	0	0.1	0.1	0.1	0.2	0.2	0.3	0.4	0.5	0.5	0.6	0.8	1	1	1.2	1.5	1.7	1.9	2	2.3	2.5	2.9	3.2	3.6	4	4.2	4.5	4.8	5.3	6	6.6	7	7.7	8.3	9	9.6	10.7	12	13	14.2	16	17.2	18.8	21	23.3	26.9	34.8	83.2
6631	46.99	7.46	0	20250201	0	555	0	0	0	0	0	0	0	0	0	0	0	0	0	0	0	0	0	0	0	0	0	0	0	0	0	0	0	0	0	0	0	0	0	0	0	0	0	0	0	0	0	0	0	0	0	0	0	0	0	0	0	0	0	0	0	0	0.1	0.1	0.1	0.2	0.3	0.3	0.4	0.5	0.6	0.7	0.8	1	1	1.2	1.4	1.5	1.9	2	2.2	2.5	2.9	3	3.5	3.9	4.1	4.5	5	5.4	6	6.4	7	7.5	8.2	8.9	9.5	10.5	11.3	12.5	13.8	15	17.3	20	24.1	29.1	53.2
6636	46.97	7.28	0	20250201	0	481	0	0	0	0	0	0	0	0	0	0	0	0	0	0	0	0	0	0	0	0	0	0	0	0	0	0	0	0	0	0	0	0	0	0	0	0	0	0	0	0	0	0	0	0	0	0	0	0	0	0	0	0	0	0	0	0	0	0.1	0.1	0.2	0.2	0.3	0.4	0.5	0.6	0.7	0.8	0.9	1	1.1	1.3	1.6	1.8	2	2.1	2.4	2.8	3	3.3	3.7	4	4.4	4.9	5.1	5.5	6	6.5	7.1	7.9	8.5	9.4	10.2	11	12.4	13.7	15.4	17.4	19.8	23.2	29	51
6637	46.73	8.17	0	20250201	0	591	0	0	0	0	0	0	0	0	0	0	0	0	0	0	0	0	0	0	0	0	0	0	0	0	0	0	0	0	0	0	0	0	0	0	0	0	0	0	0	0	0	0	0	0	0	0	0	0	0	0	0	0	0	0	0.1	0.1	0.2	0.3	0.3	0.4	0.6	0.7	0.9	1	1.1	1.4	1.6	1.9	2	2.3	2.7	3	3.1	3.4	3.8	4	4.4	4.7	5	5.4	6	6.3	6.9	7.1	7.7	8.2	9	9.8	10.4	11.2	12.1	13.2	14	15.3	17	18.7	20.7	23.6	28.1	35	80.2
6638	46.94	7.81	0	20250201	0	747	0	0	0	0	0	0	0	0	0	0	0	0	0	0	0	0	0	0	0	0	0	0	0	0	0	0	0	0	0	0	0	0	0	0	0	0	0	0	0	0	0	0	0	0	0	0	0	0	0	0	0	0	0	0.1	0.1	0.1	0.2	0.3	0.3	0.4	0.5	0.7	0.8	1	1.1	1.3	1.6	1.9	2	2.2	2.4	2.7	3	3	3.4	3.6	4	4.1	4.6	5	5.3	6	6.3	7	7.5	8.1	9	9.6	10.3	11	11.6	12.4	13.3	14.8	16	18	20.8	23	27.1	33	64.5
6639	47	7.94	0	20250201	0	1405	0	0	0	0	0	0	0	0	0	0	0	0	0	0	0	0	0	0	0	0	0	0	0	0	0	0	0	0	0	0	0	0	0	0	0	0	0	0	0	0	0	0	0	0	0	0	0	0	0	0.1	0.1	0.1	0.2	0.3	0.4	0.5	0.6	0.7	0.8	1	1	1.3	1.5	1.8	2	2.2	2.6	3	3.2	3.5	4	4.1	4.4	5	5.2	5.7	6	6.5	7	7.2	8	8.5	9	9.6	10.2	11	11.8	12.4	13.7	14.6	15.8	17	18.1	19.5	21	23	25	28.1	31.8	39.9	111.7
6651	46.95	8.01	0	20250201	0	744	0	0	0	0	0	0	0	0	0	0	0	0	0	0	0	0	0	0	0	0	0	0	0	0	0	0	0	0	0	0	0	0	0	0	0	0	0	0	0	0	0	0	0	0	0	0	0	0	0	0	0	0	0.1	0.1	0.1	0.2	0.3	0.4	0.5	0.6	0.8	0.9	1	1.2	1.3	1.5	1.8	2	2.1	2.4	2.6	3	3.1	3.5	3.7	4	4.3	4.8	5.3	5.7	6	6.5	7	7.6	8	8.9	9.4	10.1	11	11.8	12.7	13.5	14.3	16	17.2	19	22	24.7	27.7	33	69
6655	46.82	8.41	0	20250201	0	1036	0	0	0	0	0	0	0	0	0	0	0	0	0	0	0	0	0	0	0	0	0	0	0	0	0	0	0	0	0	0	0	0	0	0	0	0	0	0	0	0	0	0	0	0	0	0	0	0	0.1	0.1	0.1	0.2	0.3	0.3	0.5	0.6	0.7	0.8	1	1.1	1.2	1.5	1.8	2	2.1	2.3	2.6	2.9	3	3.3	3.7	4	4.2	4.6	5	5.6	6	6.5	7	7.3	7.8	8.2	8.9	9.2	9.9	10.4	11	12	13	13.6	14.4	15.5	17	18.2	20	21.7	24	27	30.9	38	70.1
6656	46.74	8.06	0	20250201	0	569	0	0	0	0	0	0	0	0	0	0	0	0	0	0	0	0	0	0	0	0	0	0	0	0	0	0	0	0	0	0	0	0	0	0	0	0	0	0	0	0	0	0	0	0	0	0	0	0	0	0	0	0	0	0.1	0.1	0.1	0.2	0.2	0.3	0.4	0.5	0.7	0.9	1	1.2	1.4	1.6	1.9	2	2.2	2.5	2.8	3	3.2	3.6	4	4.1	4.5	4.9	5.1	5.5	6	6.4	7	7.4	8	9	9.5	10.3	11	11.7	12.6	13.7	14.8	16	17.4	19.6	22.2	26.4	30.7	63.6
6657	46.85	8.19	0	20250201	0	471	0	0	0	0	0	0	0	0	0	0	0	0	0	0	0	0	0	0	0	0	0	0	0	0	0	0	0	0	0	0	0	0	0	0	0	0	0	0	0	0	0	0	0	0	0	0	0	0	0	0	0	0	0	0.1	0.1	0.1	0.2	0.3	0.3	0.4	0.6	0.7	0.8	0.9	1	1.1	1.3	1.5	1.7	2	2.2	2.5	2.8	3	3.3	3.6	3.9	4.2	4.6	5	5.4	5.9	6.2	6.7	7.1	7.7	8.2	8.9	9.3	10	10.9	11.9	13	14	15.5	17.2	19.2	21.7	25.5	32.8	75.4
6659	46.98	8.25	0	20250201	0	2103	0	0	0	0	0	0	0	0	0	0	0	0	0	0	0	0	0	0	0	0	0	0	0	0	0	0	0	0	0	0	0	0	0	0	0	0	0	0	0	0	0	0	0	0	0	0.1	0.1	0.1	0.1	0.2	0.2	0.3	0.4	0.5	0.6	0.7	0.9	1	1.1	1.2	1.4	1.7	1.9	2.1	2.2	2.6	3	3.1	3.6	4	4.3	4.8	5	5.6	6	6.5	7	7.4	8	8.2	8.9	9.5	10.1	10.9	11.6	12.2	12.9	13.8	14.7	15.5	16.5	17.4	19	20.7	22	24.2	26.3	29.5	35	41.5	123
6672	46.89	8.62	0	20250201	0	439	0	0	0	0	0	0	0	0	0	0	0	0	0	0	0	0	0	0	0	0	0	0	0	0	0	0	0	0	0	0	0	0	0	0	0	0	0	0	0	0	0	0	0	0	0	0	0	0	0	0	0	0	0	0	0.1	0.1	0.2	0.2	0.3	0.4	0.5	0.6	0.8	0.9	1	1	1.2	1.4	1.6	1.8	2	2.2	2.5	2.7	3	3.3	3.6	4	4.1	4.6	4.9	5.3	5.8	6.2	7	7.4	8	8.4	9	9.7	10.9	11.7	13	14.2	15.8	17.1	18.8	21.2	25.4	32	72.7
6682	46.92	9.18	0	20250201	0	960	0	0	0	0	0	0	0	0	0	0	0	0	0	0	0	0	0	0	0	0	0	0	0	0	0	0	0	0	0	0	0	0	0	0	0	0	0	0	0	0	0	0	0	0	0	0	0	0	0.1	0.1	0.1	0.2	0.3	0.4	0.5	0.6	0.7	0.9	1	1.1	1.3	1.6	1.8	2	2.2	2.4	2.7	3	3.1	3.4	3.7	4	4.1	4.4	4.9	5.1	5.6	6	6.3	7	7.2	7.8	8.3	9	9.5	10	10.7	11.3	12	13	13.7	15	16.1	17.7	19.5	21.1	23.2	26	31.4	41.8	105.5
6695	46.63	8.58	0	20250201	0	1438	0	0	0	0	0	0	0	0	0	0	0	0	0	0	0	0	0	0	0	0	0	0	0	0	0	0	0	0	0	0	0	0	0	0	0	0	0	0	0	0	0	0	0	0	0	0	0	0	0	0	0.1	0.1	0.1	0.1	0.2	0.2	0.3	0.3	0.4	0.5	0.6	0.6	0.7	0.8	0.9	1	1	1.2	1.3	1.5	1.7	1.9	2	2.2	2.3	2.6	2.8	3	3.2	3.5	3.9	4.1	4.4	4.7	5.1	5.7	6	6.6	7.2	8	8.7	9.4	11	12.1	13.7	16	18.7	23	28.2	39.2	117.5
6700	46.25	6.13	0	20250201	0	413	0	0	0	0	0	0	0	0	0	0	0	0	0	0	0	0	0	0	0	0	0	0	0	0	0	0	0	0	0	0	0	0	0	0	0	0	0	0	0	0	0	0	0	0	0	0	0	0	0	0	0	0	0	0	0	0	0	0	0	0	0	0.1	0.1	0.1	0.2	0.3	0.4	0.4	0.5	0.7	0.8	0.9	1	1.1	1.4	1.6	1.8	2	2.3	2.6	3	3.3	3.8	4	4.5	5	5.3	5.9	6.3	7	8	8.9	9.8	11	12	14.1	15.5	18.2	22	28.4	49.8
6702	46.42	6.1	0	20250201	0	1670	0	0	0	0	0	0	0	0	0	0	0	0	0	0	0	0	0	0	0	0	0	0	0	0	0	0	0	0	0	0	0	0	0	0	0	0	0	0	0	0	0	0	0	0	0	0	0	0	0	0	0	0	0.1	0.1	0.2	0.3	0.4	0.5	0.6	0.8	1	1	1.3	1.6	1.9	2	2.4	2.8	3	3.3	3.6	4	4.5	5	5.5	6	6.4	7	7.5	8	8.8	9.5	10.2	11	12	13	14	15.1	16.1	17.4	18.5	20	21.4	23.7	26	28.3	31.1	35	40	48	98.3
6704	46.52	6.34	0	20250201	0	685	0	0	0	0	0	0	0	0	0	0	0	0	0	0	0	0	0	0	0	0	0	0	0	0	0	0	0	0	0	0	0	0	0	0	0	0	0	0	0	0	0	0	0	0	0	0	0	0	0	0	0	0	0	0	0	0	0	0	0	0.1	0.1	0.1	0.2	0.3	0.4	0.5	0.7	0.8	0.9	1	1.1	1.3	1.6	1.9	2	2.3	2.6	3	3.2	3.7	4	4.4	5	5.5	6	6.6	7.1	7.9	8.6	9.2	10.5	11.8	12.8	14.2	15.9	18.2	20	22	26.1	34	60.6
6705	46.4	6.23	0	20250201	0	459	0	0	0	0	0	0	0	0	0	0	0	0	0	0	0	0	0	0	0	0	0	0	0	0	0	0	0	0	0	0	0	0	0	0	0	0	0	0	0	0	0	0	0	0	0	0	0	0	0	0	0	0	0	0	0	0	0	0	0	0	0.1	0.1	0.1	0.2	0.2	0.3	0.4	0.6	0.7	0.9	1	1.1	1.3	1.5	1.9	2	2.2	2.6	2.9	3.1	3.4	3.9	4.2	4.9	5.3	6	6.6	7.1	7.9	8.6	9.6	10.5	11.5	12.9	14.1	15.5	17.8	20.8	25.1	31	68.7
6708	46.57	6.86	0	20250201	0	829	0	0	0	0	0	0	0	0	0	0	0	0	0	0	0	0	0	0	0	0	0	0	0	0	0	0	0	0	0	0	0	0	0	0	0	0	0	0	0	0	0	0	0	0	0	0	0	0	0	0	0	0	0	0	0	0	0.1	0.1	0.1	0.2	0.3	0.4	0.5	0.6	0.7	0.8	1	1.1	1.2	1.5	1.7	1.9	2	2.3	2.6	3	3.2	3.5	4	4.3	4.8	5.3	6	6.5	7	7.8	8.6	9.4	10.2	11.1	12.2	13.1	14.3	15.7	17.5	18.9	21	23.9	29	34.6	85.9
6711	46.51	6.67	0	20250201	0	456	0	0	0	0	0	0	0	0	0	0	0	0	0	0	0	0	0	0	0	0	0	0	0	0	0	0	0	0	0	0	0	0	0	0	0	0	0	0	0	0	0	0	0	0	0	0	0	0	0	0	0	0	0	0	0	0	0	0	0	0.1	0.1	0.2	0.3	0.3	0.4	0.6	0.7	0.8	1	1.1	1.3	1.6	2	2.1	2.4	2.9	3.1	3.6	4	4.2	4.8	5.1	5.6	6	6.7	7.2	7.9	8.5	9.2	10.1	11	12	13	14.6	15.5	17.7	20	23	27.4	35.2	77.2
6712	46.33	6.92	0	20250201	0	382	0	0	0	0	0	0	0	0	0	0	0	0	0	0	0	0	0	0	0	0	0	0	0	0	0	0	0	0	0	0	0	0	0	0	0	0	0	0	0	0	0	0	0	0	0	0	0	0	0	0	0	0	0	0	0	0	0	0.1	0.1	0.1	0.2	0.2	0.3	0.4	0.5	0.6	0.7	0.9	1	1.1	1.2	1.4	1.7	2	2.1	2.4	2.7	3	3.2	3.5	3.9	4.2	4.8	5.1	5.7	6.1	6.7	7.3	8	8.9	9.6	10.3	11.2	12.5	14	15	16.6	18.4	21.4	27	51.4
6715	46.18	7.03	0	20250201	0	482	0	0	0	0	0	0	0	0	0	0	0	0	0	0	0	0	0	0	0	0	0	0	0	0	0	0	0	0	0	0	0	0	0	0	0	0	0	0	0	0	0	0	0	0	0	0	0	0	0	0	0	0.1	0.1	0.1	0.1	0.1	0.2	0.2	0.2	0.3	0.3	0.4	0.4	0.5	0.6	0.6	0.7	0.8	1	1.1	1.2	1.4	1.6	1.9	2	2.2	2.5	2.8	3	3.3	3.9	4.1	4.5	5	5.3	5.7	6.2	7	7.6	8.3	9	9.8	10.9	11.8	12.8	14	15.5	18	20.1	25.2	47.5
6717	45.87	7.17	0	20250201	0	2487	0	0	0	0	0	0	0	0	0	0	0	0	0	0	0	0	0	0	0	0	0	0	0	0	0	0	0	0	0	0	0	0	0	0	0	0	0	0	0	0	0	0	0	0	0	0	0	0	0.1	0.1	0.1	0.2	0.2	0.2	0.3	0.4	0.5	0.6	0.7	0.8	1	1	1.1	1.3	1.5	1.8	2	2.1	2.3	2.6	2.9	3.1	3.4	3.8	4.2	4.8	5.1	5.6	6.1	6.9	7.5	8.4	9	9.8	10.7	11.8	12.9	14	15	16	17.5	18.6	20.5	22.6	25.3	28	32.6	38.9	47.3	61	163.8
6720	46.22	7.33	0	20250201	0	482	0	0	0	0	0	0	0	0	0	0	0	0	0	0	0	0	0	0	0	0	0	0	0	0	0	0	0	0	0	0	0	0	0	0	0	0	0	0	0	0	0	0	0	0	0	0	0	0	0	0	0	0	0	0	0	0	0	0	0	0	0	0	0	0	0	0	0	0.1	0.1	0.1	0.2	0.3	0.4	0.5	0.6	0.7	0.8	0.9	1	1.3	1.5	1.9	2	2.2	2.6	3	3.4	4	4.2	4.8	5.2	6	6.8	7.5	8.5	10.8	12.1	14	16.9	24	58
6722	46.11	7.51	0	20250201	0	1828	0	0	0	0	0	0	0	0	0	0	0	0	0	0	0	0	0	0	0	0	0	0	0	0	0	0	0	0	0	0	0	0	0	0	0	0	0	0	0	0	0	0	0	0	0	0	0	0	0	0	0	0	0	0	0	0	0	0	0	0.1	0.1	0.1	0.2	0.2	0.3	0.4	0.4	0.6	0.7	0.8	0.9	1	1.1	1.3	1.5	1.7	2	2.1	2.3	2.6	2.9	3.1	3.4	3.7	4	4.4	5	5.2	5.8	6.3	6.9	7.5	8.4	9.3	10.1	11.2	13	15	17.7	21.2	65.1
6724	46.3	7.46	0	20250201	0	1424	0	0	0	0	0	0	0	0	0	0	0	0	0	0	0	0	0	0	0	0	0	0	0	0	0	0	0	0	0	0	0	0	0	0	0	0	0	0	0	0	0	0	0	0	0	0	0	0	0	0	0	0	0	0	0	0	0	0	0	0	0.1	0.1	0.1	0.2	0.2	0.3	0.4	0.5	0.6	0.7	0.8	1	1.1	1.2	1.4	1.7	2	2	2.3	2.5	2.8	3.1	3.5	4	4.2	4.8	5.1	5.9	6.5	7.2	7.9	9	10	10.9	12.2	13.8	15.2	18	22	29	56.3
6725	46.42	7.82	0	20250201	0	1538	0	0	0	0	0	0	0	0	0	0	0	0	0	0	0	0	0	0	0	0	0	0	0	0	0	0	0	0	0	0	0	0	0	0	0	0	0	0	0	0	0	0	0	0	0	0	0	0	0	0	0	0	0	0	0.1	0.1	0.1	0.2	0.2	0.2	0.3	0.3	0.4	0.5	0.6	0.7	0.8	1	1.1	1.3	1.5	1.8	2	2.2	2.5	2.7	3	3.1	3.4	3.8	4	4.4	4.9	5.2	5.9	6.4	7	7.6	8.2	8.9	9.7	10.4	11.5	12.8	14	16	18	21.4	25.7	33.3	112.1
6727	46.3	7.84	0	20250201	0	641	0	0	0	0	0	0	0	0	0	0	0	0	0	0	0	0	0	0	0	0	0	0	0	0	0	0	0	0	0	0	0	0	0	0	0	0	0	0	0	0	0	0	0	0	0	0	0	0	0	0	0	0	0	0	0	0	0	0	0	0	0	0	0	0	0	0	0	0.1	0.1	0.1	0.2	0.3	0.3	0.4	0.5	0.6	0.8	0.9	1	1.2	1.5	1.8	2	2.2	2.6	3	3.1	3.7	4	4.5	5.2	6	7	8	9	10.3	11.6	14.2	19.3	26.8	86.2
6728	46.2	7.84	0	20250201	0	1605	0	0	0	0	0	0	0	0	0	0	0	0	0	0	0	0	0	0	0	0	0	0	0	0	0	0	0	0	0	0	0	0	0	0	0	0	0	0	0	0	0	0	0	0	0	0	0	0	0	0	0	0	0	0	0	0	0	0	0	0	0	0	0	0	0	0.1	0.1	0.1	0.2	0.2	0.3	0.4	0.4	0.5	0.6	0.7	0.9	1	1.1	1.2	1.5	1.7	2	2.1	2.4	2.8	3	3.2	3.7	4.1	4.6	5.1	5.9	6.6	7.6	8.5	9.9	12	15.7	20.9	88.3
6731	46.75	7.59	0	20250201	0	571	0	0	0	0	0	0	0	0	0	0	0	0	0	0	0	0	0	0	0	0	0	0	0	0	0	0	0	0	0	0	0	0	0	0	0	0	0	0	0	0	0	0	0	0	0	0	0	0	0	0	0	0	0	0	0	0	0.1	0.1	0.2	0.2	0.3	0.3	0.4	0.5	0.6	0.7	0.9	1	1	1.2	1.3	1.5	1.7	2	2	2.2	2.6	2.9	3.1	3.3	3.8	4	4.3	5	5.3	6	6.6	7	7.6	8.1	8.9	9.6	10.7	11.9	13	14.3	15.7	18	21.7	30.6	58.6
6733	46.62	7.38	0	20250201	0	821	0	0	0	0	0	0	0	0	0	0	0	0	0	0	0	0	0	0	0	0	0	0	0	0	0	0	0	0	0	0	0	0	0	0	0	0	0	0	0	0	0	0	0	0	0	0	0	0	0	0	0	0	0.1	0.1	0.2	0.2	0.3	0.3	0.4	0.4	0.6	0.7	0.8	0.9	1	1.1	1.3	1.5	1.8	2	2.1	2.3	2.6	3	3.1	3.5	4	4.2	4.5	5	5.3	5.7	6.2	7	7.5	8	8.7	9.1	9.7	10.3	11.2	12.3	13	14	15.4	17	18.9	21.4	24.8	31	76
6734	46.67	7.87	0	20250201	0	579	0	0	0	0	0	0	0	0	0	0	0	0	0	0	0	0	0	0	0	0	0	0	0	0	0	0	0	0	0	0	0	0	0	0	0	0	0	0	0	0	0	0	0	0	0	0	0	0	0	0	0	0	0	0	0.1	0.1	0.1	0.2	0.2	0.3	0.4	0.5	0.7	0.8	1	1.1	1.3	1.6	1.8	2	2.1	2.4	2.7	3	3.3	3.7	4	4.3	4.8	5	5.5	5.9	6.1	6.6	7.1	7.6	8.1	9	9.6	10.2	11	12	13	14	15.6	17.3	19	21.2	25	31.7	73
6735	46.49	7.56	0	20250201	0	1328	0	0	0	0	0	0	0	0	0	0	0	0	0	0	0	0	0	0	0	0	0	0	0	0	0	0	0	0	0	0	0	0	0	0	0	0	0	0	0	0	0	0	0	0	0	0	0	0	0	0	0.1	0.1	0.1	0.1	0.2	0.2	0.3	0.4	0.5	0.6	0.8	0.9	1	1.2	1.4	1.6	1.9	2	2.1	2.3	2.6	2.9	3.1	3.4	3.9	4.1	4.7	5	5.4	5.9	6.1	6.5	7	7.4	8	8.3	9	10	10.6	11.3	12	12.6	13.3	15	16.6	18	19.9	23	27	33	79
6744	46.57	8.33	0	20250201	0	1961	0	0	0	0	0	0	0	0	0	0	0	0	0	0	0	0	0	0	0	0	0	0	0	0	0	0	0	0	0	0	0	0	0	0	0	0	0	0	0	0	0	0	0	0	0	0	0.1	0.1	0.1	0.2	0.2	0.3	0.4	0.5	0.5	0.6	0.7	0.8	1	1.1	1.2	1.4	1.7	2	2.1	2.3	2.6	2.9	3.1	3.5	4	4.1	4.6	5	5.2	5.7	6	6.5	7	7.6	8	8.8	9.3	10	10.7	11.3	12.1	12.8	13.7	14.4	15.3	16.6	18	20	22	24.8	29	31.4	37.8	49	113
6745	46.5	8.31	0	20250201	0	1347	0	0	0	0	0	0	0	0	0	0	0	0	0	0	0	0	0	0	0	0	0	0	0	0	0	0	0	0	0	0	0	0	0	0	0	0	0	0	0	0	0	0	0	0	0	0	0	0	0	0	0	0	0	0	0	0	0	0	0.1	0.1	0.1	0.2	0.3	0.4	0.4	0.5	0.7	0.8	1	1.1	1.2	1.4	1.7	2	2	2.2	2.4	2.7	3	3.2	3.6	4	4.4	4.8	5.1	6	6.4	7	7.7	8.1	9.3	10.2	11	12.3	14.1	15.8	18	21.1	27.2	36.7	115
6748	46.03	7.75	0	20250201	0	1639	0	0	0	0	0	0	0	0	0	0	0	0	0	0	0	0	0	0	0	0	0	0	0	0	0	0	0	0	0	0	0	0	0	0	0	0	0	0	0	0	0	0	0	0	0	0	0	0	0	0	0	0	0	0	0	0	0	0	0	0	0	0	0	0.1	0.1	0.1	0.2	0.2	0.3	0.4	0.5	0.6	0.7	0.8	1	1	1.2	1.4	1.6	1.8	2	2.2	2.4	2.8	3	3.3	3.6	4	4.4	4.9	5.2	6	6.7	7.6	8.7	10.1	12	13.8	17.4	26	71
6750	46.65	8.62	0	20250201	0	2284	0	0	0	0	0	0	0	0	0	0	0	0	0	0	0	0	0	0	0	0	0	0	0	0	0	0	0	0	0	0	0	0	0	0	0	0	0	0	0	0	0	0	0	0	0	0	0	0	0.1	0.1	0.1	0.2	0.2	0.2	0.3	0.4	0.4	0.5	0.6	0.7	0.8	0.9	1	1	1.2	1.4	1.6	1.8	2	2.1	2.3	2.5	2.8	3	3.2	3.6	4	4.2	4.5	4.9	5.2	5.6	6	6.4	7	7.6	8.1	8.7	9.3	10.1	11	12.3	13.5	15	16.6	18.7	22	26.9	33.8	49	97.6
6751	46.44	8.51	0	20250201	0	1896	0	0	0	0	0	0	0	0	0	0	0	0	0	0	0	0	0	0	0	0	0	0	0	0	0	0	0	0	0	0	0	0	0	0	0	0	0	0	0	0	0	0	0	0	0	0	0	0	0	0	0	0	0	0.1	0.1	0.1	0.2	0.3	0.3	0.4	0.6	0.7	0.9	1	1.1	1.3	1.5	1.8	2	2.2	2.6	3	3.2	3.7	4	4.4	5	5.6	6.2	7	7.6	8.3	9.3	10.3	11.1	12.1	13	14.3	16	17.5	19	20.6	23	26	30	35.2	40.4	47.5	58.5	77.6	180.5
6752	46.32	8.6	0	20250201	0	422	0	0	0	0	0	0	0	0	0	0	0	0	0	0	0	0	0	0	0	0	0	0	0	0	0	0	0	0	0	0	0	0	0	0	0	0	0	0	0	0	0	0	0	0	0	0	0	0	0	0	0	0	0	0	0	0	0	0	0	0	0	0	0.1	0.1	0.1	0.2	0.2	0.3	0.4	0.5	0.6	0.8	0.9	1.1	1.4	1.7	2	2.1	2.5	3	3.4	4	4.4	5.2	6	7	7.9	8.8	9.9	11	12.1	13.7	15.1	17.6	21	25.4	30	35.6	46	63	186
6753	46.51	8.69	0	20250201	0	991	0	0	0	0	0	0	0	0	0	0	0	0	0	0	0	0	0	0	0	0	0	0	0	0	0	0	0	0	0	0	0	0	0	0	0	0	0	0	0	0	0	0	0	0	0	0	0	0	0	0	0	0	0	0	0	0	0	0	0	0.1	0.1	0.1	0.2	0.2	0.3	0.4	0.5	0.6	0.7	0.9	1	1.1	1.3	1.6	1.8	2	2.3	2.6	3	3.3	3.7	4.1	4.7	5.4	5.9	6.7	7.5	8	9	10.1	11.1	12.1	13.4	15	17.6	20.9	24.7	31.1	37.6	56	123.7
6756	46.46	8.94	0	20250201	0	577	0	0	0	0	0	0	0	0	0	0	0	0	0	0	0	0	0	0	0	0	0	0	0	0	0	0	0	0	0	0	0	0	0	0	0	0	0	0	0	0	0	0	0	0	0	0	0	0	0	0	0	0	0	0	0	0	0	0	0	0	0	0	0	0	0.1	0.1	0.1	0.2	0.3	0.4	0.5	0.6	0.8	0.9	1	1.1	1.4	1.8	2	2.3	2.8	3	3.4	4	4.2	5	5.6	6.5	7	8.1	9.3	10.4	11.7	13.3	16.2	19	22.7	27.7	32.9	48.9	127.4
6758	46.26	9.16	0	20250201	0	324	0	0	0	0	0	0	0	0	0	0	0	0	0	0	0	0	0	0	0	0	0	0	0	0	0	0	0	0	0	0	0	0	0	0	0	0	0	0	0	0	0	0	0	0	0	0	0	0	0	0	0	0	0	0	0	0	0.1	0.1	0.2	0.2	0.2	0.2	0.2	0.2	0.3	0.3	0.3	0.4	0.4	0.5	0.6	0.7	0.9	1	1.1	1.4	1.8	2.1	2.4	2.9	3.1	3.7	4	4.8	5.4	6	6.8	7.8	8.7	10	11.4	13	14.8	17	19.4	22.8	26.6	31	39.9	52	122
6759	46.2	8.79	0	20250201	0	1662	0	0	0	0	0	0	0	0	0	0	0	0	0	0	0	0	0	0	0	0	0	0	0	0	0	0	0	0	0	0	0	0	0	0	0	0	0	0	0	0	0	0	0	0	0	0	0	0	0	0	0	0	0	0	0	0	0	0	0	0	0.1	0.1	0.1	0.2	0.2	0.3	0.4	0.5	0.6	0.8	0.9	1	1.2	1.5	1.9	2	2.3	2.8	3	3.4	4	4.4	5.1	6	6.9	7.8	9	10	11	12.4	13.8	14.9	16.6	18.9	21.7	25.2	29.4	36	41.9	58.3	188
6760	46.17	8.79	0	20250201	0	374	0	0	0	0	0	0	0	0	0	0	0	0	0	0	0	0	0	0	0	0	0	0	0	0	0	0	0	0	0	0	0	0	0	0	0	0	0	0	0	0	0	0	0	0	0	0	0	0	0	0	0	0	0	0	0	0	0	0	0	0	0	0	0	0	0	0	0.1	0.1	0.2	0.3	0.4	0.5	0.7	0.8	1	1.2	1.6	2	2.5	3	3.2	4	4.6	5.2	6.4	7.4	8.3	9.6	11	12.7	14.4	16.3	18	21	24	27.5	33.9	40.4	51.4	64.5	185
6762	46.16	8.93	0	20250201	0	204	0	0	0	0	0	0	0	0	0	0	0	0	0	0	0	0	0	0	0	0	0	0	0	0	0	0	0	0	0	0	0	0	0	0	0	0	0	0	0	0	0	0	0	0	0	0	0	0	0	0	0	0	0	0	0	0	0	0	0	0	0	0	0	0	0	0.1	0.1	0.2	0.3	0.4	0.5	0.6	0.8	1	1.2	1.6	2	2.1	2.6	3	3.7	4.1	5	5.6	6.1	7.5	8.7	9.9	10.8	12.2	14	16	19	21.8	25	29	35	44	52.3	69	163.9
6770	46	8.96	0	20250201	0	301	0	0	0	0	0	0	0	0	0	0	0	0	0	0	0	0	0	0	0	0	0	0	0	0	0	0	0	0	0	0	0	0	0	0	0	0	0	0	0	0	0	0	0	0	0	0	0	0	0	0	0	0	0	0	0	0	0	0	0	0	0	0	0	0	0	0	0.1	0.1	0.1	0.2	0.4	0.5	0.7	0.9	1.2	1.6	2	2.1	2.6	3	3.6	4	5	5.5	6.1	7	8	9.2	10.8	12	14	15.5	17.3	20.2	23.6	26.8	30.7	36	46.1	63.1	129.6
6771	45.84	8.93	0	20250201	0	352	0	0	0	0	0	0	0	0	0	0	0	0	0	0	0	0	0	0	0	0	0	0	0	0	0	0	0	0	0	0	0	0	0	0	0	0	0	0	0	0	0	0	0	0	0	0	0	0	0	0	0	0	0	0	0	0	0	0	0	0	0	0	0	0	0	0.1	0.1	0.1	0.1	0.2	0.3	0.5	0.6	0.8	1	1.1	1.6	2	2.1	2.8	3	3.6	4	4.6	5.6	6.4	7.4	8.7	10	11.8	13	15.7	18	20	23	26.6	31.1	37.1	46.8	64.9	186.9
6777	45.93	9.02	0	20250201	0	1601	0	0	0	0	0	0	0	0	0	0	0	0	0	0	0	0	0	0	0	0	0	0	0	0	0	0	0	0	0	0	0	0	0	0	0	0	0	0	0	0	0	0	0	0	0	0	0	0	0	0	0	0	0	0	0	0	0	0	0	0.1	0.1	0.1	0.2	0.2	0.3	0.3	0.4	0.5	0.6	0.8	1	1.2	1.4	1.8	2	2.5	3	3.1	3.7	4.2	5	5.6	6.5	7.1	8	8.8	9.9	11	12.7	14.7	16.6	18.4	20	22.9	25.6	28.9	33.8	39.5	48	60.9	210.3
6778	46.65	10.27	0	20250201	0	1969	0	0	0	0	0	0	0	0	0	0	0	0	0	0	0	0	0	0	0	0	0	0	0	0	0	0	0	0	0	0	0	0	0	0	0	0	0	0	0	0	0	0	0	0	0	0	0	0	0	0	0	0	0.1	0.1	0.1	0.1	0.1	0.2	0.2	0.3	0.3	0.4	0.4	0.5	0.6	0.7	0.8	0.9	1	1	1.2	1.3	1.4	1.7	1.9	2	2.2	2.5	2.8	3	3.2	3.6	3.9	4.1	4.7	5	5.5	6	6.7	7.3	8.1	9	10	11.7	13	14.8	17.5	20	24.2	31.7	66
6779	46.43	9.76	0	20250201	0	1804	0	0	0	0	0	0	0	0	0	0	0	0	0	0	0	0	0	0	0	0	0	0	0	0	0	0	0	0	0	0	0	0	0	0	0	0	0	0	0	0	0	0	0	0	0	0	0	0	0	0	0	0	0	0	0.1	0.1	0.1	0.1	0.1	0.2	0.2	0.2	0.2	0.3	0.3	0.4	0.4	0.5	0.6	0.7	0.8	1	1	1.2	1.4	1.6	1.8	2	2.2	2.5	2.8	3	3.4	4	4.3	5	5.6	6.1	7	7.5	8.2	9.5	10.5	11.9	14	16.3	19	22.4	27.5	37	80
6780	46.83	9.81	0	20250201	0	2673	0	0	0	0	0	0	0	0	0	0	0	0	0	0	0	0	0	0	0	0	0	0	0	0	0	0	0	0	0	0	0	0	0	0	0	0.1	0.1	0.1	0.1	0.2	0.2	0.2	0.2	0.2	0.3	0.3	0.3	0.3	0.4	0.4	0.5	0.6	0.7	0.7	0.8	0.9	1	1.1	1.2	1.4	1.6	1.9	2	2.3	2.5	2.7	2.9	3	3.3	3.7	4	4.2	4.6	5	5.1	5.5	5.9	6.2	6.7	7	7.3	8	8.4	9.1	9.9	10.2	11	11.8	12.4	13.1	14	15.3	16.8	18.1	20	22	24.4	26.6	30.6	37	112.9
6782	46.71	8.85	0	20250201	0	1198	0	0	0	0	0	0	0	0	0	0	0	0	0	0	0	0	0	0	0	0	0	0	0	0	0	0	0	0	0	0	0	0	0	0	0	0	0	0	0	0	0	0	0	0	0	0	0	0	0	0	0	0	0.1	0.1	0.1	0.1	0.1	0.2	0.2	0.3	0.4	0.4	0.5	0.6	0.7	0.8	0.9	1	1.1	1.2	1.4	1.5	1.8	1.9	2	2.2	2.5	2.7	3	3.1	3.4	3.9	4.1	4.5	4.9	5.2	5.7	6.3	7	7.6	8.4	9.1	10.4	11.6	14	16.5	18.6	23	29.7	40.4	90
6783	46.46	9.18	0	20250201	0	1640	0	0	0	0	0	0	0	0	0	0	0	0	0	0	0	0	0	0	0	0	0	0	0	0	0	0	0	0	0	0	0	0	0	0	0	0	0	0	0	0	0	0	0	0	0	0	0	0	0	0	0	0	0.1	0.1	0.1	0.1	0.1	0.2	0.2	0.3	0.4	0.5	0.6	0.7	0.8	1	1	1.2	1.4	1.7	2	2	2.3	2.5	2.8	3.1	3.6	4	4.5	5	5.7	6.1	7	7.8	8.7	9.4	10.1	11.1	12.1	13	14.5	15.9	17.1	19.6	22.1	26.2	30.2	36.3	44.7	56.8	159.1
6784	46.81	9.84	0	20250201	0	1595	0	0	0	0	0	0	0	0	0	0	0	0	0	0	0	0	0	0	0	0	0	0	0	0	0	0	0	0	0	0	0	0	0	0	0	0	0	0	0	0	0	0	0	0	0	0	0	0	0	0	0	0.1	0.1	0.1	0.1	0.2	0.3	0.3	0.4	0.5	0.6	0.7	0.8	0.9	1	1	1.1	1.3	1.5	1.7	1.8	2	2.1	2.3	2.5	2.8	3	3.2	3.6	4	4.1	4.7	5	5.5	6	6.4	7	7.3	8	9	9.9	10.5	12	13.2	14.5	16	18.7	20.9	23.8	29.7	154
6785	46.78	9.67	0	20250201	0	1846	0	0	0	0	0	0	0	0	0	0	0	0	0	0	0	0	0	0	0	0	0	0	0	0	0	0	0	0	0	0	0	0	0	0	0	0	0	0	0	0	0	0	0	0	0	0	0	0.1	0.1	0.1	0.1	0.2	0.2	0.2	0.3	0.3	0.4	0.5	0.6	0.7	0.8	0.9	1	1.1	1.2	1.3	1.5	1.8	2	2	2.2	2.4	2.6	2.9	3	3.2	3.6	3.9	4	4.4	5	5.1	5.6	6	6.4	7	7.3	8	8.6	9.2	10	10.7	12.1	13.4	14.8	16.8	19.1	21.6	25.8	32.3	96.4
6786	46.87	9.53	0	20250201	0	558	0	0	0	0	0	0	0	0	0	0	0	0	0	0	0	0	0	0	0	0	0	0	0	0	0	0	0	0	0	0	0	0	0	0	0	0	0	0	0	0	0	0	0	0	0	0	0	0	0	0	0	0	0	0	0	0	0	0	0.1	0.1	0.1	0.1	0.2	0.3	0.3	0.4	0.5	0.6	0.7	0.8	0.9	1	1	1.2	1.4	1.7	2	2	2.2	2.4	2.7	3	3.3	3.7	4	4.5	5	5.3	6	6.8	7.4	8.1	9	10.1	11.9	13.3	15	18	22	30	89.2
6787	46.61	9.43	0	20250201	0	989	0	0	0	0	0	0	0	0	0	0	0	0	0	0	0	0	0	0	0	0	0	0	0	0	0	0	0	0	0	0	0	0	0	0	0	0	0	0	0	0	0	0	0	0	0	0	0	0	0	0	0	0	0	0	0	0	0	0	0	0	0.1	0.1	0.1	0.1	0.2	0.2	0.3	0.3	0.4	0.5	0.6	0.7	0.8	0.9	1	1.1	1.2	1.5	1.8	2	2.2	2.5	2.9	3.1	3.6	4.1	4.6	5.1	5.9	6.9	7.6	8.5	9.5	11	13	14.7	17.6	21	26.7	35.6	140.8
6788	46.35	9.63	0	20250201	0	1089	0	0	0	0	0	0	0	0	0	0	0	0	0	0	0	0	0	0	0	0	0	0	0	0	0	0	0	0	0	0	0	0	0	0	0	0	0	0	0	0	0	0	0	0	0.1	0.1	0.1	0.1	0.1	0.1	0.1	0.1	0.2	0.2	0.2	0.2	0.2	0.3	0.3	0.3	0.3	0.4	0.4	0.4	0.5	0.6	0.7	0.8	0.9	1	1.1	1.3	1.6	1.9	2	2.3	2.7	3	3.5	4	4.4	5	5.4	6	6.6	7.4	8	9	10	11.3	12.3	13.8	15.4	17	19.3	22.2	26.6	32	38.1	50.8	145.1
6791	46.42	9.82	0	20250201	0	3302	0	0	0	0	0	0	0	0	0	0	0	0	0	0	0	0	0	0	0	0	0	0	0	0	0	0	0	0	0	0	0	0	0	0	0	0	0	0	0	0	0	0	0	0	0	0	0	0	0.1	0.1	0.1	0.1	0.1	0.2	0.2	0.3	0.3	0.3	0.4	0.5	0.5	0.6	0.7	0.9	1	1.1	1.3	1.4	1.5	1.7	2	2	2.2	2.4	2.7	3	3.3	3.7	4	4.3	4.7	5	5.4	6	6.5	7	7.4	8.1	9	10	10.7	11.8	13	15	16.6	19	23.4	27	33.9	44.6	155
6792	46.53	9.88	0	20250201	0	1709	0	0	0	0	0	0	0	0	0	0	0	0	0	0	0	0	0	0	0	0	0	0	0	0	0	0	0	0	0	0	0	0	0	0	0	0	0	0	0	0	0	0	0	0	0	0	0	0	0	0	0	0	0	0	0	0	0	0	0	0	0	0	0.1	0.1	0.1	0.1	0.2	0.2	0.3	0.3	0.4	0.5	0.6	0.8	0.9	1	1.1	1.3	1.5	1.7	1.9	2	2.4	2.6	3	3.3	3.9	4.2	4.9	5.3	6.2	7	8	9	10.4	11.8	14	17.4	21	29	59.5
6793	46.76	9.55	0	20250201	0	1570	0	0	0	0	0	0	0	0	0	0	0	0	0	0	0	0	0	0	0	0	0	0	0	0	0	0	0	0	0	0	0	0	0	0	0	0	0	0	0	0	0	0	0	0	0	0	0	0	0	0	0	0	0	0	0	0	0	0.1	0.1	0.1	0.1	0.2	0.2	0.2	0.3	0.4	0.4	0.5	0.6	0.7	0.8	0.9	1	1.1	1.3	1.4	1.6	1.9	2	2.1	2.4	2.7	3	3.3	3.8	4.3	4.8	5.4	6.2	6.9	7.6	8.3	9.5	11	12.2	13.5	15.6	19.3	23	31.1	96.4
6794	46.35	10.06	0	20250201	0	1079	0	0	0	0	0	0	0	0	0	0	0	0	0	0	0	0	0	0	0	0	0	0	0	0	0	0	0	0	0	0	0	0	0	0	0	0	0	0	0	0	0	0	0	0	0	0	0	0	0	0	0	0	0	0	0	0	0	0	0	0	0.1	0.1	0.1	0.1	0.1	0.2	0.2	0.3	0.4	0.5	0.7	0.9	1	1.1	1.2	1.5	1.9	2	2.4	2.7	3	3.6	4	4.4	5	5.8	6.5	7	8	8.8	9.9	11.1	12.3	13.7	15.6	17.6	20.3	23.8	30.6	40.3	96
6795	46.58	9.53	0	20250201	0	2671	0	0	0	0	0	0	0	0	0	0	0	0	0	0	0	0	0	0	0	0	0	0	0	0	0	0	0	0	0	0	0	0	0	0	0	0	0	0	0	0	0	0	0	0	0	0	0	0	0	0	0	0	0.1	0.1	0.1	0.1	0.1	0.2	0.2	0.3	0.3	0.3	0.4	0.5	0.5	0.6	0.6	0.7	0.8	0.9	1	1.1	1.2	1.3	1.5	1.7	1.9	2	2.2	2.5	2.8	3.1	3.3	3.6	4	4.4	5	5.2	6	6.6	7.4	8.2	8.8	10	11	12.8	14.7	17.4	20.7	26.8	149.8
6796	46.6	10.43	0	20250201	0	1384	0	0	0	0	0	0	0	0	0	0	0	0	0	0	0	0	0	0	0	0	0	0	0	0	0	0	0	0	0	0	0	0	0	0	0	0	0	0	0	0	0	0	0	0	0	0	0	0	0	0	0	0	0	0	0	0	0	0	0	0	0	0	0	0.1	0.1	0.1	0.2	0.2	0.3	0.4	0.5	0.6	0.7	0.9	1	1	1.2	1.5	1.8	2	2.1	2.3	2.7	3	3.2	3.9	4.2	4.9	5.5	6	6.6	7.5	8.7	9.6	11	12.7	15.2	18	23.1	32.4	137
6797	46.41	10.02	0	20250201	0	2260	0	0	0	0	0	0	0	0	0	0	0	0	0	0	0	0	0	0	0	0	0	0	0	0	0	0	0	0	0	0	0	0	0	0	0	0	0	0	0	0	0	0	0	0	0	0	0	0	0	0	0	0	0	0	0	0	0	0	0	0	0	0.1	0.1	0.2	0.2	0.3	0.3	0.4	0.5	0.7	0.8	0.9	1	1.1	1.4	1.6	1.9	2.1	2.4	2.7	3	3.3	3.8	4.2	4.8	5.3	6	6.6	7.1	8	9.3	11	12.4	14.1	16.5	18.3	21.4	26.7	32.6	50	137.2
6798	46.79	10.28	0	20250201	0	1305	0	0	0	0	0	0	0	0	0	0	0	0	0	0	0	0	0	0	0	0	0	0	0	0	0	0	0	0	0	0	0	0	0	0	0	0	0	0	0	0	0	0	0	0	0	0	0	0	0	0	0	0	0	0	0	0	0	0	0.1	0.1	0.1	0.1	0.2	0.2	0.3	0.3	0.4	0.4	0.5	0.6	0.7	0.8	0.9	1	1.1	1.2	1.4	1.8	2	2	2.2	2.6	2.8	3	3.3	3.7	4.1	4.7	5.2	6	6.6	7.1	8	9	10	11.6	13.9	16.5	19.8	25.4	52.8
7490	45.93	6.11	0	20250201	0	459	0	0	0	0	0	0	0	0	0	0	0	0	0	0	0	0	0	0	0	0	0	0	0	0	0	0	0	0	0	0	0	0	0	0	0	0	0	0	0	0	0	0	0	0	0	0	0	0	0	0	0	0.2	0.2	0.2	0.2	0.2	0.2	0.2	0.2	0.2	0.2	0.2	0.4	0.4	0.6	0.6	0.8	0.8	1	1.2	1.4	1.6	2	2.2	2.5	2.8	3	3.4	4	4.2	4.7	5.2	5.8	6	6.4	7.2	7.9	8.2	9	9.6	10.4	11.1	12.5	14	15.1	17	18.7	22	26.4	31.6	63.2
7497	45.61	6.76	0	20250201	0	868	0	0	0	0	0	0	0	0	0	0	0	0	0	0	0	0	0	0	0	0	0	0	0	0	0	0	0	0	0	0	0	0	0	0	0	0	0	0	0	0	0	0	0	0	0	0	0	0	0	0	0	0	0	0	0	0	0	0.2	0.2	0.2	0.2	0.2	0.2	0.2	0.4	0.4	0.6	0.6	0.8	0.8	1	1.2	1.4	1.6	1.8	2	2.2	2.8	3	3.4	3.8	4	4.4	5	5.4	6	6.6	7.4	8.2	9	10	11	12	13.1	14.4	15.9	17.3	20.8	25.8	31.4	64.6
7591	44.57	6.5	0	20250201	0	877	0	0	0	0	0	0	0	0	0	0	0	0	0	0	0	0	0	0	0	0	0	0	0	0	0	0	0	0	0	0	0	0	0	0	0	0	0	0	0	0	0	0	0	0	0	0	0	0	0	0	0	0	0	0	0	0	0	0	0	0	0	0	0	0	0	0	0	0	0	0	0.2	0.2	0.2	0.2	0.4	0.6	0.6	0.8	1	1.4	1.6	2	2	2.6	3	3.4	4	4.8	5.4	6.3	7	8	9	10.9	12.2	14	16	18.2	22.6	31.3	80
7667	43.09	6.15	0	20250201	0	4	0	0	0	0	0	0	0	0	0	0	0	0	0	0	0	0	0	0	0	0	0	0	0	0	0	0	0	0	0	0	0	0	0	0	0	0	0	0	0	0	0	0	0	0	0	0	0	0	0	0	0	0	0	0	0	0	0	0	0	0	0	0	0	0	0	0	0	0	0	0.2	0.2	0.2	0.2	0.2	0.2	0.2	0.2	0.2	0.2	0.2	0.2	0.2	0.4	0.4	0.6	0.8	1	1.2	2	2.4	3.2	4.2	5.4	6.8	8.3	10	12	15.9	20.1	33.1	104.3
7675	43.38	6.39	0	20250201	0	82	0	0	0	0	0	0	0	0	0	0	0	0	0	0	0	0	0	0	0	0	0	0	0	0	0	0	0	0	0	0	0	0	0	0	0	0	0	0	0	0	0	0	0	0	0	0	0	0	0	0	0	0	0	0	0	0	0	0	0	0	0	0	0	0	0	0	0	0	0	0	0	0	0	0	0	0	0.2	0.2	0.2	0.2	0.2	0.4	0.4	0.6	0.8	1	1.4	1.8	2	2.6	3.2	4.5	6	7.3	9	11.5	14.2	18.4	26	37.1	158
7684	43.56	6.95	0	20250201	0	4	0	0	0	0	0	0	0	0	0	0	0	0	0	0	0	0	0	0	0	0	0	0	0	0	0	0	0	0	0	0	0	0	0	0	0	0	0	0	0	0	0	0	0	0	0	0	0	0	0	0	0	0	0	0	0	0	0	0	0	0	0	0	0	0	0	0	0	0	0	0	0	0	0	0.2	0.2	0.2	0.2	0.2	0.2	0.2	0.2	0.4	0.4	0.6	1	1.2	1.6	2	2.6	3.2	4.2	5.2	6.5	8.3	11	13	15.9	20.3	27.7	42.6	199.1
7690	43.65	7.21	0	20250201	0	28	0	0	0	0	0	0	0	0	0	0	0	0	0	0	0	0	0	0	0	0	0	0	0	0	0	0	0	0	0	0	0	0	0	0	0	0	0	0	0	0	0	0	0	0	0	0	0	0	0	0	0	0	0	0	0	0	0	0	0	0	0	0	0	0	0	0	0	0	0	0	0	0	0	0	0	0	0	0	0	0	0.2	0.2	0.4	0.6	0.8	1	1.2	1.8	2.2	2.8	3.4	4	5.1	6.8	9	11	14.8	19.6	24.2	34.3	107.1
7753	42.63	8.92	0	20250201	0	145	0	0	0	0	0	0	0	0	0	0	0	0	0	0	0	0	0	0	0	0	0	0	0	0	0	0	0	0	0	0	0	0	0	0	0	0	0	0	0	0	0	0	0	0	0	0	0	0	0	0	0	0	0	0	0	0	0	0	0	0	0	0	0	0	0	0	0	0	0	0	0	0	0	0	0	0	0	0	0	0.2	0.2	0.2	0.4	0.4	0.6	0.8	1	1.2	1.6	2	2.6	3	4	4.4	5.6	7	8.6	10.6	13.5	18.1	65.4
7754	42.53	8.79	0	20250201	0	58	0	0	0	0	0	0	0	0	0	0	0	0	0	0	0	0	0	0	0	0	0	0	0	0	0	0	0	0	0	0	0	0	0	0	0	0	0	0	0	0	0	0	0	0	0	0	0	0	0	0	0	0	0	0	0	0	0	0	0	0	0	0	0	0	0	0	0	0	0	0	0	0	0	0.2	0.2	0.2	0.2	0.2	0.2	0.4	0.4	0.6	0.6	0.8	1	1.4	2	2.2	3	3.6	4	5	5.8	6.8	8	9.9	11.6	14	19	26	73.8
7761	41.92	8.79	0	20250201	0	9	0	0	0	0	0	0	0	0	0	0	0	0	0	0	0	0	0	0	0	0	0	0	0	0	0	0	0	0	0	0	0	0	0	0	0	0	0	0	0	0	0	0	0	0	0	0	0	0	0	0	0	0	0	0	0	0	0	0	0	0	0	0	0	0	0	0	0	0	0	0	0	0	0.2	0.2	0.2	0.2	0.2	0.2	0.4	0.6	0.6	0.8	1	1.2	1.6	2	2.4	2.8	3.2	3.9	4.4	5.2	6.4	7.7	9	11	12.9	16	19.7	26.1	70.3
7765	41.92	9.4	0	20250201	0	17	0	0	0	0	0	0	0	0	0	0	0	0	0	0	0	0	0	0	0	0	0	0	0	0	0	0	0	0	0	0	0	0	0	0	0	0	0	0	0	0	0	0	0	0	0	0	0	0	0	0	0	0	0	0	0	0	0	0	0	0	0	0	0	0	0	0	0	0	0	0	0	0.2	0.2	0.2	0.2	0.2	0.2	0.4	0.4	0.6	0.6	0.8	1	1	1.2	1.4	1.8	2	2.4	3	3.8	4.6	5.2	6.7	8	10	13.5	16.7	24.2	36.5	135
7770	41.37	9.18	0	20250201	0	116	0	0	0	0	0	0	0	0	0	0	0	0	0	0	0	0	0	0	0	0	0	0	0	0	0	0	0	0	0	0	0	0	0	0	0	0	0	0	0	0	0	0	0	0	0	0	0	0	0	0	0	0	0	0	0	0	0	0	0	0	0	0.2	0.2	0.2	0.2	0.2	0.2	0.2	0.2	0.2	0.2	0.2	0.2	0.2	0.2	0.2	0.4	0.4	0.4	0.4	0.6	0.8	1	1	1.2	1.6	2	2.4	3	3.6	4	5	5.9	7	8.5	10.7	12	14.8	18.3	24.4	107.6
7775	42.26	9.54	0	20250201	0	74	0	0	0	0	0	0	0	0	0	0	0	0	0	0	0	0	0	0	0	0	0	0	0	0	0	0	0	0	0	0	0	0	0	0	0	0	0	0	0	0	0	0	0	0	0	0	0	0	0	0	0	0	0	0	0	0	0	0	0	0	0	0	0	0	0	0	0	0	0	0	0	0	0.2	0.2	0.2	0.2	0.2	0.2	0.4	0.4	0.4	0.6	0.6	0.8	1	1.2	1.4	1.8	2	2.2	3	3.8	5	6	7.6	9.7	11.3	14	20	32.5	213.3
7780	41.51	9.1	0	20250201	0	23	0	0	0	0	0	0	0	0	0	0	0	0	0	0	0	0	0	0	0	0	0	0	0	0	0	0	0	0	0	0	0	0	0	0	0	0	0	0	0	0	0	0	0	0	0	0	0	0	0	0	0	0	0	0	0	0	0	0	0	0	0	0	0	0.2	0.2	0.2	0.2	0.2	0.2	0.2	0.2	0.2	0.2	0.2	0.2	0.2	0.2	0.4	0.4	0.6	0.6	0.8	1	1.2	1.6	1.8	2	2.6	3	3.6	4	5	5.8	7	8	9	11.1	13.5	18	24.8	122
7790	42.54	9.49	0	20250201	0	12	0	0	0	0	0	0	0	0	0	0	0	0	0	0	0	0	0	0	0	0	0	0	0	0	0	0	0	0	0	0	0	0	0	0	0	0	0	0	0	0	0	0	0	0	0	0	0	0	0	0	0	0	0	0	0	0	0	0	0	0	0	0	0	0	0	0	0	0	0.2	0.2	0.2	0.2	0.2	0.2	0.2	0.2	0.2	0.2	0.2	0.4	0.4	0.6	0.8	0.8	1	1.2	1.4	2	2.4	3	3.5	4.4	5	6.2	8	10.1	13	16	23.4	34.2	94
