#GEO
#FORMAT NCOLS
#COLUMNS
stnid	latitude	longitude	level	date	time	height	values	
# Missing values represented by 3e+38 (not user-changeable)
#METADATA
Parameter = Annual mean climatology for total precipitation (Italy)
Period = All months, 2020–2024
Time window = 1 day(s)
#DATA
11127	46.87	11.02	0	20240301	0	1939	2.8
11201	46.75	12.42	0	20240301	0	1084	3.2
11204	46.83	12.81	0	20240301	0	668	2.7
11213	46.62	13.87	0	20240301	0	495	3.2
11214	46.94	14.91	0	20240301	0	1036	2.6
11225	46.85	14.19	0	20240301	0	712	2.6
11227	46.72	14.1	0	20240301	0	546	3
11229	46.76	14.83	0	20240301	0	404	2.1
11232	46.56	14.77	0	20240301	0	531	3
11234	46.49	14.59	0	20240301	0	621	3.6
11244	46.87	15.9	0	20240301	0	271	2.1
11252	47	12.46	0	20240301	0	1193	2.5
11255	46.68	13	0	20240301	0	712	4
11260	46.99	13.17	0	20240301	0	1201	3
11263	46.72	13.29	0	20240301	0	956	3.5
11265	46.6	13.67	0	20240301	0	2160	3.4
11270	46.74	13.08	0	20240301	0	627	3.4
11272	46.79	13.49	0	20240301	0	544	3.2
11275	46.73	13.85	0	20240301	0	892	2.9
11278	46.63	14.17	0	20240301	0	453	3
11285	46.82	15.23	0	20240301	0	355	2.5
11296	46.77	15.55	0	20240301	0	266	2.4
11298	46.95	15.88	0	20240301	0	320	2.1
11310	46.98	10.32	0	20240301	0	2312	2.8
11312	46.97	10.19	0	20240301	0	1577	2.4
11316	46.93	10.88	0	20240301	0	2848	3
11331	46.65	14.32	0	20240301	0	452	2.6
12910	46.91	16.31	0	20240301	0	313	2.1
12915	46.87	16.8	0	20240301	0	241	1.8
12920	46.74	17.24	0	20240301	0	99999	1.8
12922	46.68	17.17	0	20240301	0	125	1.7
12925	46.45	16.97	0	20240301	0	141	1.8
12930	46.36	17.87	0	20240301	0	99999	1.7
12935	46.91	18.04	0	20240301	0	109	1.3
12942	46	18.24	0	20240301	0	203	1.6
12950	46.57	18.85	0	20240301	0	98	1.4
13459	42.77	18.95	0	20240301	0	647	5.9
14014	46.22	14.48	0	20240301	0	383	3.8
14235	45.91	15.97	0	20240301	0	992	3.4
14240	45.82	16.03	0	20240301	0	128	2.6
14241	45.73	16.05	0	20240301	0	109	2.5
14256	45.88	17.2	0	20240301	0	263	2.2
14280	45.5	18.56	0	20240301	0	89	1.9
14284	45.47	18.81	0	20240301	0	89	1.7
14307	44.9	13.93	0	20240301	0	63	2.3
14317	45.22	14.58	0	20240301	0	83	4.1
14365	45.22	17.28	0	20240301	0	135	2.6
14370	45.16	18	0	20240301	0	89	2.1
14382	45.16	18.7	0	20240301	0	98	1.8
14431	44.1	15.36	0	20240301	0	83	2.7
14444	43.54	16.3	0	20240301	0	21	2.5
14445	43.51	16.43	0	20240301	0	128	2.2
14474	42.56	18.27	0	20240301	0	159	3
14549	44.22	17.9	0	20240301	0	346	1.8
14648	43.35	17.8	0	20240301	0	104	3.3
14652	43.7	18.26	0	20240301	0	2067	2.5
14654	43.87	18.43	0	20240301	0	639	2.4
14657	42.93	17.61	0	20240301	0	14	1.4
16008	46.76	10.53	0	20240301	0	1461	1.7
16020	46.46	11.33	0	20240301	0	99999	2.1
16021	46.3	11.79	0	20240301	0	2006	1.9
16022	46.16	11.03	0	20240301	0	2129	3.4
16045	45.98	13.05	0	20240301	0	99999	2.8
16054	45.73	7.35	0	20240301	0	552	0.5
16059	45.2	7.65	0	20240301	0	287	2
16061	45.03	7.73	0	20240301	0	710	1.7
16066	45.63	8.72	0	20240301	0	212	2.7
16076	45.67	9.7	0	20240301	0	237	2.5
16080	45.45	9.28	0	20240301	0	103	2.4
16088	45.42	10.28	0	20240301	0	97	2.8
16089	45.46	10.56	0	20240301	0	66	1.3
16090	45.39	10.87	0	20240301	0	68	2.1
16098	45.68	12.11	0	20240301	0	42	1.3
16099	45.65	12.18	0	20240301	0	23	2
16105	45.51	12.35	0	20240301	0	6	1.6
16108	45.83	13.47	0	20240301	0	11	2.9
16110	45.68	13.75	0	20240301	0	4	2.7
16111	44.24	8.2	0	20240301	0	1383	2.5
16120	44.41	8.84	0	20240301	0	3	2.4
16129	44.07	9.82	0	20240301	0	522	1.9
16132	44.53	11.29	0	20240301	0	53	2
16133	44.82	11.61	0	20240301	0	11	1.9
16134	44.19	10.7	0	20240301	0	2173	1.3
16140	44.53	11.3	0	20240301	0	37	1.4
16146	44.44	12.3	0	20240301	0	6	0.6
16148	44.23	12.29	0	20240301	0	10	1.3
16149	44.02	12.61	0	20240301	0	13	1.4
16158	43.68	10.4	0	20240301	0	6	2.5
16168	42.39	11.17	0	20240301	0	631	0
16170	43.81	11.2	0	20240301	0	38	2
16171	43.79	11.22	0	20240301	0	19	1.8
16172	43.46	11.85	0	20240301	0	249	1
16179	43.52	12.73	0	20240301	0	574	2.9
16191	43.62	13.36	0	20240301	0	15	2
16206	42.75	11.06	0	20240301	0	7	0.7
16214	42.03	11.83	0	20240301	0	4	0.1
16217	42.47	12.34	0	20240301	0	76	1.6
16219	42.47	12.98	0	20240301	0	1875	2.7
16224	42.08	12.21	0	20240301	0	266	2.3
16230	42.44	14.19	0	20240301	0	11	1.2
16231	42.42	14.21	0	20240301	0	181	1.5
16239	41.81	12.58	0	20240301	0	105	1.7
16242	41.8	12.24	0	20240301	0	3	1.4
16245	41.66	12.45	0	20240301	0	22	0
16253	41.06	14.08	0	20240301	0	10	2.1
16258	41.71	15.95	0	20240301	0	848	1.4
16261	41.54	15.71	0	20240301	0	60	1.3
16266	41.89	16.16	0	20240301	0	5	1.2
16270	41.14	16.77	0	20240301	0	49	1.2
16280	40.91	12.96	0	20240301	0	185	5
16289	40.88	14.29	0	20240301	0	72	2.2
16294	40.56	14.2	0	20240301	0	161	2
16310	40.02	15.28	0	20240301	0	185	0
16312	40.77	16.94	0	20240301	0	352	1.3
16314	40.68	16.66	0	20240301	0	498	1.6
16320	40.66	17.95	0	20240301	0	10	1.5
16332	40.24	18.14	0	20240301	0	53	1.5
16344	39.33	16.4	0	20240301	0	1677	3.1
16362	38.91	16.24	0	20240301	0	16	2.2
16364	38.76	16.37	0	20240301	0	998	3.4
16405	38.18	13.1	0	20240301	0	34	1.3
16415	38.58	14.87	0	20240301	0	47	1.3
16416	38.8	15.23	0	20240301	0	77	0
16420	38.2	15.55	0	20240301	0	54	2.4
16422	38.07	15.65	0	20240301	0	21	1.4
16429	37.91	12.49	0	20240301	0	9	1
16459	37.41	14.92	0	20240301	0	29	0.9
16460	37.47	15.06	0	20240301	0	17	1.3
16464	37.07	15.28	0	20240301	0	3	0.1
16520	40.63	8.29	0	20240301	0	40	1.3
16522	40.56	8.16	0	20240301	0	204	1.2
16531	40.9	9.52	0	20240301	0	13	1.2
16532	40.85	9.18	0	20240301	0	1364	0.3
16546	39.35	8.97	0	20240301	0	24	0.9
16550	39.93	9.71	0	20240301	0	150	2
16560	39.24	9.06	0	20240301	0	2	1
36000038	46.42667	18.89333	0	20240301	0	92	1.7
36000052	45.94389	18.89417	0	20240301	0	82	1.6
36000077	46.42333	16.73472	0	20240301	0	144	2.3
36000138	45.87583	18.47028	0	20240301	0	103	1.8
39000001	46.19389	11.10306	0	20240301	0	189	2.9
39000008	45.98581	10.25975	0	20240301	0	994	4.3
39000010	45.97746	10.10276	0	20240301	0	746	5.7
39000012	45.94611	9.672774	0	20240301	0	510	5.5
39000017	46.45356	10.30595	0	20240301	0	2300	3.5
39000023	46.07361	11.47167	0	20240301	0	669	3.4
39000026	46.05416	11.46	0	20240301	0	390	2.3
39000028	46.17417	11.83	0	20240301	0	713	3.7
39000029	46.31167	10.76167	0	20240301	0	926	2.6
39000032	45.795	11.10083	0	20240301	0	523	4
39000033	45.88139	11.02194	0	20240301	0	171	2.9
39000034	45.73528	10.95694	0	20240301	0	130	3.6
39000035	46.10222	10.73944	0	20240301	0	645	3.5
39000038	46.16083	11.74472	0	20240301	0	972	3.9
39000041	44.68378	9.216638	0	20240301	0	1363	3.6
39000043	46.00413	8.742723	0	20240301	0	205	4.4
39000044	45.77081	8.573911	0	20240301	0	202	4.4
39000049	45.82026	9.079902	0	20240301	0	200	4.2
39000050	45.39264	10.70629	0	20240301	0	62	3
39000054	45.90332	8.742764	0	20240301	0	294	4.8
39000055	45.84611	8.890543	0	20240301	0	383	4.9
39000056	45.34142	8.879675	0	20240301	0	94	2.6
39000057	45.71898	9.710185	0	20240301	0	311	4
39000058	45.90991	8.618685	0	20240301	0	207	4.8
39000062	45.39917	9.89027	0	20240301	0	87	2.7
39000066	45.35656	9.671433	0	20240301	0	103	2.4
39000070	45.8325	8.823603	0	20240301	0	416	4.7
39000071	44.99027	9.017493	0	20240301	0	95	1.9
39000094	45.6497	7.25083	0	20240301	0	1218	2.2
39000116	46.47472	11.74445	0	20240301	0	1403	2.6
39000117	46.43389	11.73306	0	20240301	0	2326	3.2
39000129	45.81722	10.54556	0	20240301	0	378	4.4
39000281	45.25596	9.963491	0	20240301	0	56	2.4
39000292	46.00746	9.380396	0	20240301	0	456	4.5
39000293	45.18849	10.88713	0	20240301	0	15	2.2
39000295	46.17572	10.33339	0	20240301	0	699	3.2
39000296	45.26361	10.6636	0	20240301	0	30	2.6
39000299	45.32059	9.267153	0	20240301	0	88	2.6
39000304	45.91309	9.497502	0	20240301	0	1234	5.5
39000305	45.78301	9.307096	0	20240301	0	278	4.1
39000306	45.6777	9.388556	0	20240301	0	234	3.7
39000309	45.16363	10.05882	0	20240301	0	44	2.3
39000320	46.16755	9.85094	0	20240301	0	307	2.9
39000324	44.8074	9.179492	0	20240301	0	500	2.2
60360	36.82	7.81	0	20240301	0	8	1.5
60419	36.28	6.62	0	20240301	0	692	1.1
6603	46.47	6.82	0	20240301	0	405	3.2
6604	47	6.95	0	20240301	0	485	2.7
6609	46.55	7.02	0	20240301	0	1976	2.9
6610	46.81	6.94	0	20240301	0	490	2.5
6613	46.6	7.66	0	20240301	0	756	3.1
6614	46.12	7.02	0	20240301	0	990	3.9
6615	46.07	7.23	0	20240301	0	840	2.3
6617	46.98	6.61	0	20240301	0	1051	3.6
6618	46.74	6.57	0	20240301	0	438	2.3
6619	46.84	6.58	0	20240301	0	1207	3.6
6625	46.77	7.11	0	20240301	0	651	2.7
6627	46.48	7.14	0	20240301	0	1029	3.6
6628	46.75	7.27	0	20240301	0	1044	3.7
6631	46.99	7.46	0	20240301	0	554	2.8
6636	46.97	7.28	0	20240301	0	481	2.8
6637	46.73	8.17	0	20240301	0	589	3.6
6638	46.94	7.81	0	20240301	0	745	3.6
6639	47	7.94	0	20240301	0	1405	5
6640	46.66	7.07	0	20240301	0	715	3.1
6642	46.63	9.75	0	20240301	0	1408	2.4
6651	46.95	8.01	0	20240301	0	745	3.9
6652	46.89	8.02	0	20240301	0	940	4.8
6653	47	8.52	0	20240301	0	521	4.8
6654	46.2	8.06	0	20240301	0	1466	2.9
6655	46.82	8.41	0	20240301	0	1037	4.5
6656	46.74	8.06	0	20240301	0	568	3.4
6657	46.85	8.19	0	20240301	0	472	3.3
6659	46.98	8.25	0	20240301	0	2104	5
6663	46.63	9.19	0	20240301	0	1242	2.8
6668	46.69	8.6	0	20240301	0	951	3.6
6672	46.89	8.62	0	20240301	0	440	3.2
6682	46.92	9.18	0	20240301	0	958	4.6
6695	46.63	8.58	0	20240301	0	1439	3.1
6700	46.25	6.13	0	20240301	0	412	2.4
6702	46.42	6.1	0	20240301	0	1671	5.6
6703	46.67	6.31	0	20240301	0	1046	3.5
6704	46.52	6.34	0	20240301	0	684	3
6705	46.4	6.23	0	20240301	0	460	2.8
6707	46.62	6.71	0	20240301	0	859	3.4
6708	46.57	6.86	0	20240301	0	829	3.4
6711	46.51	6.67	0	20240301	0	457	3.3
6712	46.33	6.92	0	20240301	0	382	2.7
6713	46.39	7.1	0	20240301	0	1412	4.2
6715	46.18	7.03	0	20240301	0	483	2.5
6716	46.15	7.62	0	20240301	0	1581	2.2
6717	45.87	7.17	0	20240301	0	2488	4.8
6720	46.22	7.33	0	20240301	0	483	1.7
6721	46.37	8.19	0	20240301	0	1479	2.9
6722	46.11	7.51	0	20240301	0	1829	2.1
6724	46.3	7.46	0	20240301	0	1424	2.5
6725	46.42	7.82	0	20240301	0	1539	3
6727	46.3	7.84	0	20240301	0	641	1.8
6728	46.2	7.84	0	20240301	0	1606	1.6
6731	46.75	7.59	0	20240301	0	571	2.7
6733	46.62	7.38	0	20240301	0	821	3.4
6734	46.67	7.87	0	20240301	0	579	3.3
6735	46.49	7.56	0	20240301	0	1327	3.7
6744	46.57	8.33	0	20240301	0	1962	5.1
6745	46.5	8.31	0	20240301	0	1347	2.8
6748	46.03	7.75	0	20240301	0	1640	1.8
6750	46.65	8.62	0	20240301	0	2284	3.7
6751	46.44	8.51	0	20240301	0	1896	5.8
6752	46.32	8.6	0	20240301	0	422	3.8
6753	46.51	8.69	0	20240301	0	991	3.5
6756	46.46	8.94	0	20240301	0	576	2.9
6758	46.26	9.16	0	20240301	0	324	3.6
6759	46.2	8.79	0	20240301	0	1662	4.3
6760	46.17	8.79	0	20240301	0	374	4.5
6762	46.16	8.93	0	20240301	0	205	4.6
6770	46	8.96	0	20240301	0	301	4
6771	45.84	8.93	0	20240301	0	353	4
6774	46.46	9.67	0	20240301	0	1856	2.9
6777	45.93	9.02	0	20240301	0	1601	4.6
6778	46.65	10.27	0	20240301	0	1970	2.6
6779	46.43	9.76	0	20240301	0	1805	2.6
6780	46.83	9.81	0	20240301	0	2674	4.4
6782	46.71	8.85	0	20240301	0	1198	3
6783	46.46	9.18	0	20240301	0	1640	4.4
6784	46.81	9.84	0	20240301	0	1596	2.8
6785	46.79	9.68	0	20240301	0	1879	3.2
6786	46.87	9.53	0	20240301	0	557	2.3
6787	46.61	9.43	0	20240301	0	988	2.4
6788	46.35	9.63	0	20240301	0	1090	3.7
6789	46.78	9.22	0	20240301	0	699	2.4
6790	46.98	9.67	0	20240301	0	626	2.7
6791	46.42	9.82	0	20240301	0	3302	3.6
6792	46.53	9.88	0	20240301	0	1710	2
6793	46.76	9.55	0	20240301	0	1569	2.3
6794	46.35	10.06	0	20240301	0	1079	3.1
6795	46.58	9.53	0	20240301	0	2672	2.3
6796	46.6	10.43	0	20240301	0	1387	2.2
6797	46.41	10.02	0	20240301	0	2261	3.1
6798	46.79	10.28	0	20240301	0	1305	2
7490	45.93	6.11	0	20240301	0	459	3.2
7497	45.61	6.76	0	20240301	0	868	3
7591	44.57	6.5	0	20240301	0	877	2.2
7593	44.88	6.64	0	20240301	0	1310	1.8
7667	43.09	6.15	0	20240301	0	4	1.4
7675	43.38	6.39	0	20240301	0	82	1.6
7684	43.56	6.95	0	20240301	0	4	1.9
7690	43.65	7.21	0	20240301	0	26	1.7
7753	42.63	8.92	0	20240301	0	145	0.9
7754	42.53	8.79	0	20240301	0	58	1.4
7761	41.92	8.79	0	20240301	0	9	1.5
7765	41.92	9.4	0	20240301	0	17	1.5
7770	41.37	9.18	0	20240301	0	116	1.7
7775	42.26	9.54	0	20240301	0	74	1.4
7780	41.51	9.1	0	20240301	0	23	1.5
7785	43	9.36	0	20240301	0	113	0.8
7790	42.54	9.49	0	20240301	0	12	1.4
_0700736	43.99	17.28	0	20240301	0	99999	3
_070099f	44.76	15.96	0	20240301	0	99999	2.7
_070281c	43.58	18.8	0	20240301	0	99999	1.9
_0703033	43.73	18.92	0	20240301	0	99999	2.6
_0703910	44.61	16.64	0	20240301	0	99999	2.5
_07042bd	44	18.17	0	20240301	0	99999	2.1
_0704b12	43.39	17.59	0	20240301	0	99999	4.6
_0705fc1	44	17.5	0	20240301	0	99999	2.1
_07065cb	44.55	18.09	0	20240301	0	99999	2.4
_07066aa	43.86	17.68	0	20240301	0	99999	2.6
_0706ce5	43.94	17.58	0	20240301	0	99999	2.5
_0706e7c	44.01	18.44	0	20240301	0	99999	2.3
_0706ef9	43.95	18.08	0	20240301	0	99999	2.2
_07077dd	43.66	18.98	0	20240301	0	99999	2.3
_0707b5f	43.9	17.64	0	20240301	0	99999	2.1
_0707cbf	44.71	18.32	0	20240301	0	99999	2
_070943e	44.59	18.96	0	20240301	0	99999	2.3
_0709f4d	44.04	17.69	0	20240301	0	99999	2.5
_070a28d	44.36	17.33	0	20240301	0	99999	2.1
_070b223	44.21	17.42	0	20240301	0	99999	2.2
_070bafc	44.1	17.49	0	20240301	0	99999	2
_070be74	44.42	18.01	0	20240301	0	99999	2.4
_070c321	44.8	16.54	0	20240301	0	99999	2.9
_070c9b7	44.23	17.66	0	20240301	0	99999	2.2
_070d0f2	44.23	18.7	0	20240301	0	99999	2.4
_070d3cd	43.89	17.58	0	20240301	0	99999	2.4
_070d423	43.88	18.48	0	20240301	0	99999	2.5
_070d833	44.61	17.99	0	20240301	0	99999	2.4
_070d9ad	44.31	17.57	0	20240301	0	99999	3.1
_070e9e6	44.26	18.58	0	20240301	0	99999	2.5
_070f669	43.92	17.53	0	20240301	0	99999	2.2
_070fb2a	43.72	18.28	0	20240301	0	99999	3.9
_070fba7	44.16	18.33	0	20240301	0	99999	2.7
_070ff49	44.13	18.12	0	20240301	0	99999	2
_75605cf	46.34	8.98	0	20240301	0	99999	3.7
