#GEO
#FORMAT NCOLS
#COLUMNS
stnid	latitude	longitude	level	date	time	height	q0	q1	q2	q3	q4	q5	q6	q7	q8	q9	q10	q11	q12	q13	q14	q15	q16	q17	q18	q19	q20	q21	q22	q23	q24	q25	q26	q27	q28	q29	q30	q31	q32	q33	q34	q35	q36	q37	q38	q39	q40	q41	q42	q43	q44	q45	q46	q47	q48	q49	q50	q51	q52	q53	q54	q55	q56	q57	q58	q59	q60	q61	q62	q63	q64	q65	q66	q67	q68	q69	q70	q71	q72	q73	q74	q75	q76	q77	q78	q79	q80	q81	q82	q83	q84	q85	q86	q87	q88	q89	q90	q91	q92	q93	q94	q95	q96	q97	q98	q99	q100	
# Missing values represented by 3e+38 (not user-changeable)
#METADATA
Parameter = Annual climatology for total precipitation (Italy)
Period = All months, 2020–2024
Time window = 1 day(s)
#DATA
11127	46.87	11.02	0	20241101	0	1939	0	0	0	0	0	0	0	0	0	0	0	0	0	0	0	0	0	0	0	0	0	0	0	0	0	0	0	0	0	0	0	0	0	0	0	0	0	0	0	0	0	0	0	0	0.1	0.1	0.1	0.1	0.1	0.2	0.2	0.2	0.3	0.3	0.4	0.4	0.5	0.6	0.6	0.7	0.8	0.9	1	1	1.1	1.1	1.2	1.4	1.6	1.9	2	2	2.2	2.5	2.8	3	3	3.3	3.7	4	4.1	4.3	5	5	5.5	6	6.3	7	7.2	8	9	9.7	10.3	11.8	13	14	16	17.4	23	30	74
11201	46.75	12.42	0	20241101	0	1084	0	0	0	0	0	0	0	0	0	0	0	0	0	0	0	0	0	0	0	0	0	0	0	0	0	0	0	0	0	0	0	0	0	0	0	0	0	0	0	0	0	0	0	0	0	0	0	0	0	0	0	0	0	0	0	0	0	0	0	0	0	0.1	0.1	0.1	0.2	0.2	0.3	0.3	0.4	0.5	0.7	1	1.1	1.5	2	2	2.1	2.6	3	3	3.6	4	4.1	5	5.2	6	6.9	7.4	8	9	10.7	11.7	13	15	16.9	19	21	25	29.7	36	137
11204	46.83	12.81	0	20241101	0	668	0	0	0	0	0	0	0	0	0	0	0	0	0	0	0	0	0	0	0	0	0	0	0	0	0	0	0	0	0	0	0	0	0	0	0	0	0	0	0	0	0	0	0	0	0	0	0	0	0	0	0	0	0	0	0	0	0	0	0	0	0	0	0	0	0	0.1	0.1	0.2	0.2	0.3	0.5	0.6	0.8	1	1	1.2	1.7	2	2	2.3	3	3	3.7	4	4.4	5	5.2	6	6.9	7.1	8.1	9	10.5	12	14	16	18	21	27	34	143
11213	46.62	13.87	0	20241101	0	495	0	0	0	0	0	0	0	0	0	0	0	0	0	0	0	0	0	0	0	0	0	0	0	0	0	0	0	0	0	0	0	0	0	0	0	0	0	0	0	0	0	0	0	0	0	0	0	0	0	0	0	0	0	0	0	0	0	0	0	0	0	0	0	0	0.1	0.1	0.2	0.2	0.4	0.4	0.5	0.7	0.9	1	1	1	1.4	2	2	2.7	3	4	4	5	5.4	6	7	8	9	10	11	13	14.4	15.4	17.7	21	24	26.7	35	41	67
11214	46.94	14.91	0	20241101	0	1036	0	0	0	0	0	0	0	0	0	0	0	0	0	0	0	0	0	0	0	0	0	0	0	0	0	0	0	0	0	0	0	0	0	0	0	0	0	0	0	0	0	0	0	0	0	0	0	0	0	0	0	0	0	0	0	0	0	0	0	0	0	0	0.1	0.1	0.1	0.2	0.3	0.4	0.5	0.6	0.7	0.8	1	1	1.4	2	2	2	2.2	2.8	3	3.1	3.8	4	4.2	5	5.3	6.1	7	7.3	8	9	10.2	11.5	12.9	14	17	20.9	25	33.2	54
11225	46.85	14.19	0	20241101	0	712	0	0	0	0	0	0	0	0	0	0	0	0	0	0	0	0	0	0	0	0	0	0	0	0	0	0	0	0	0	0	0	0	0	0	0	0	0	0	0	0	0	0	0	0	0	0	0	0	0	0	0	0	0	0	0	0	0	0	0	0	0	0	0	0.1	0.1	0.2	0.2	0.3	0.4	0.5	0.6	0.7	0.8	1	1	1.2	1.9	2	2	2.5	3	3	3.1	4	4	4.8	5.1	6	7	8	9	10.3	11.1	12.2	13.2	15	17	20	25	32	95
11227	46.72	14.1	0	20241101	0	546	0	0	0	0	0	0	0	0	0	0	0	0	0	0	0	0	0	0	0	0	0	0	0	0	0	0	0	0	0	0	0	0	0	0	0	0	0	0	0	0	0	0	0	0	0	0	0	0	0	0	0	0	0	0	0	0	0	0	0	0	0	0	0	0.1	0.1	0.1	0.2	0.2	0.3	0.5	0.6	0.7	0.9	1	1	1	1.2	2	2	2.2	3	3.4	4	4.9	5	6	6.3	7	8.7	10	10.1	12	12.8	14	16.5	19	21	24	28	39.1	81
11229	46.76	14.83	0	20241101	0	404	0	0	0	0	0	0	0	0	0	0	0	0	0	0	0	0	0	0	0	0	0	0	0	0	0	0	0	0	0	0	0	0	0	0	0	0	0	0	0	0	0	0	0	0	0	0	0	0	0	0	0	0	0	0	0	0	0	0	0	0	0	0	0	0	0	0.1	0.1	0.1	0.2	0.2	0.3	0.3	0.4	0.6	0.8	1	1	1.2	1.7	2	2	2.3	3	3.1	3.9	4	4.6	5	5.9	6	7	8	9	10	11.3	12.2	15	16.2	19	28	57
11232	46.56	14.77	0	20241101	0	531	0	0	0	0	0	0	0	0	0	0	0	0	0	0	0	0	0	0	0	0	0	0	0	0	0	0	0	0	0	0	0	0	0	0	0	0	0	0	0	0	0	0	0	0	0	0	0	0	0	0	0	0	0	0	0	0	0	0	0	0	0	0	0.1	0.1	0.1	0.1	0.2	0.3	0.3	0.5	0.6	0.8	1	1	1	1.2	1.7	2	2.2	2.7	3	3.2	4	5	5.5	6	6.5	7.6	8.2	9	10	11.5	13	14	16	18	22	25.3	30	38.1	72
11234	46.49	14.59	0	20241101	0	621	0	0	0	0	0	0	0	0	0	0	0	0	0	0	0	0	0	0	0	0	0	0	0	0	0	0	0	0	0	0	0	0	0	0	0	0	0	0	0	0	0	0	0	0	0	0	0	0	0	0	0	0	0	0	0	0	0	0	0	0	0	0.1	0.1	0.2	0.2	0.3	0.4	0.5	0.7	0.8	1	1	1.1	1.7	2	2	2.5	3	3.2	4	4	5	5.3	6	7	7.1	8	9	9.3	11	13	14	15.6	17	19.4	22.2	25.4	30	33.7	42.8	86
11244	46.87	15.9	0	20241101	0	271	0	0	0	0	0	0	0	0	0	0	0	0	0	0	0	0	0	0	0	0	0	0	0	0	0	0	0	0	0	0	0	0	0	0	0	0	0	0	0	0	0	0	0	0	0	0	0	0	0	0	0	0	0	0	0	0	0	0	0	0	0	0	0	0	0	0	0.1	0.1	0.1	0.2	0.2	0.3	0.4	0.5	0.7	0.8	1	1	1.2	1.8	2	2	2.2	3	3	3.6	4	5	5.2	6	7	8	9	10.4	12	13	15	18	22	28	75
11252	47	12.46	0	20241101	0	1193	0	0	0	0	0	0	0	0	0	0	0	0	0	0	0	0	0	0	0	0	0	0	0	0	0	0	0	0	0	0	0	0	0	0	0	0	0	0	0	0	0	0	0	0	0	0	0	0	0	0	0	0	0	0	0	0	0	0	0	0	0	0.1	0.1	0.1	0.2	0.3	0.4	0.5	0.6	0.8	1	1	1	1.3	1.9	2	2	2.1	2.6	3	3	3.8	4	4.2	5	5.1	5.8	6	7	7.2	8	9.2	11	12	13.7	15	17.2	19.1	22	29	65
11255	46.68	13	0	20241101	0	712	0	0	0	0	0	0	0	0	0	0	0	0	0	0	0	0	0	0	0	0	0	0	0	0	0	0	0	0	0	0	0	0	0	0	0	0	0	0	0	0	0	0	0	0	0	0	0	0	0	0	0	0	0	0	0	0	0	0	0	0	0	0.1	0.1	0.1	0.1	0.2	0.3	0.4	0.5	0.7	0.8	0.9	1	1.1	2	2	2	2.3	3	3.1	4	4.4	5	6	7	7.5	8.1	9	10.1	12	13	13.8	15	17.3	20	22	26	31	39	54	126
11260	46.99	13.17	0	20241101	0	1201	0	0	0	0	0	0	0	0	0	0	0	0	0	0	0	0	0	0	0	0	0	0	0	0	0	0	0	0	0	0	0	0	0	0	0	0	0	0	0	0	0	0	0	0	0	0	0	0	0	0	0	0	0	0	0	0	0	0.1	0.1	0.2	0.2	0.3	0.3	0.4	0.5	0.6	0.7	0.8	0.9	1	1	1.1	1.3	1.7	2	2	2.2	2.6	3	3.1	3.7	4	4.4	5	5.6	6	6.7	7	8	8.1	9.1	10.1	11.4	12.1	14	16	18.3	21	27.1	37	120
11263	46.72	13.29	0	20241101	0	956	0	0	0	0	0	0	0	0	0	0	0	0	0	0	0	0	0	0	0	0	0	0	0	0	0	0	0	0	0	0	0	0	0	0	0	0	0	0	0	0	0	0	0	0	0	0	0	0	0	0	0	0	0	0	0	0	0	0	0	0	0	0	0	0.1	0.1	0.2	0.2	0.3	0.4	0.5	0.7	0.9	1	1	1.1	1.8	2	2.1	2.4	3	3.1	4	4.4	5	6	7	7.6	8.6	9.3	10.5	11.4	13.2	14.4	16	18	19	22.8	26	34	50	102
11265	46.6	13.67	0	20241101	0	2160	0	0	0	0	0	0	0	0	0	0	0	0	0	0	0	0	0	0	0	0	0	0	0	0	0	0	0	0	0	0	0	0	0	0	0	0	0	0	0	0	0	0	0	0	0	0	0	0	0	0	0	0	0	0	0	0	0	0.1	0.1	0.1	0.1	0.2	0.2	0.3	0.3	0.4	0.5	0.6	0.8	1	1	1.1	1.4	1.9	2	2	2.3	2.8	3	3.1	3.9	4	4.3	5	6	7	7.5	9	10	10.4	11.9	13	14.1	16	18	21	25	28	31.4	38.6	74
11270	46.74	13.08	0	20241101	0	627	0	0	0	0	0	0	0	0	0	0	0	0	0	0	0	0	0	0	0	0	0	0	0	0	0	0	0	0	0	0	0	0	0	0	0	0	0	0	0	0	0	0	0	0	0	0	0	0	0	0	0	0	0	0	0	0	0	0	0	0	0	0	0	0.1	0.1	0.1	0.2	0.2	0.3	0.4	0.5	0.6	0.9	1	1	1.4	2	2	2.3	3	3	3.9	4	5	6	6.1	7	7.8	8.4	9.1	10.2	12	13.2	15.1	17	19	21.3	26	34	55	122
11272	46.79	13.49	0	20241101	0	544	0	0	0	0	0	0	0	0	0	0	0	0	0	0	0	0	0	0	0	0	0	0	0	0	0	0	0	0	0	0	0	0	0	0	0	0	0	0	0	0	0	0	0	0	0	0	0	0	0	0	0	0	0	0	0	0	0.1	0.1	0.1	0.1	0.1	0.1	0.1	0.2	0.2	0.2	0.3	0.3	0.4	0.4	0.5	0.7	0.8	1	1	1.5	2	2	2.4	3	3	3.2	4	4.3	5	5.8	6.1	7	8.1	9	10	11.2	13.1	15.1	17	20	23	27	33	46.7	89
11275	46.73	13.85	0	20241101	0	892	0	0	0	0	0	0	0	0	0	0	0	0	0	0	0	0	0	0	0	0	0	0	0	0	0	0	0	0	0	0	0	0	0	0	0	0	0	0	0	0	0	0	0	0	0	0	0	0	0	0	0	0	0	0	0	0	0	0	0	0	0	0	0.1	0.1	0.1	0.2	0.3	0.4	0.5	0.7	0.9	1	1	1	1.1	1.5	2	2	2.3	3	3.1	3.6	4	4.3	5	5.1	6	7	8	8.7	9.8	11	12	13.7	15	18	20	24	29	35	64.5
11278	46.63	14.17	0	20241101	0	453	0	0	0	0	0	0	0	0	0	0	0	0	0	0	0	0	0	0	0	0	0	0	0	0	0	0	0	0	0	0	0	0	0	0	0	0	0	0	0	0	0	0	0	0	0	0	0	0	0	0	0	0	0	0	0	0	0	0	0	0	0	0	0	0	0.1	0.1	0.2	0.2	0.3	0.4	0.5	0.6	0.8	1	1	1	1.5	2	2	2.3	3	3.1	4	4.4	5	5.8	6.1	7	8	9	10.1	12	13.5	15	16	18.9	21	26	30.2	41.3	63
11285	46.82	15.23	0	20241101	0	355	0	0	0	0	0	0	0	0	0	0	0	0	0	0	0	0	0	0	0	0	0	0	0	0	0	0	0	0	0	0	0	0	0	0	0	0	0	0	0	0	0	0	0	0	0	0	0	0	0	0	0	0	0	0	0	0	0	0	0	0	0	0	0	0	0.1	0.1	0.1	0.2	0.3	0.3	0.4	0.6	0.7	0.9	1	1	1.1	1.6	2	2.1	2.8	3	3.1	4	4.1	5	5	6	7	8	8.7	10	10.8	12.2	13.4	15.1	17.6	21	25	33.3	77
11296	46.77	15.55	0	20241101	0	266	0	0	0	0	0	0	0	0	0	0	0	0	0	0	0	0	0	0	0	0	0	0	0	0	0	0	0	0	0	0	0	0	0	0	0	0	0	0	0	0	0	0	0	0	0	0	0	0	0	0	0	0	0	0	0	0	0	0	0	0	0	0	0	0	0	0	0	0.1	0.1	0.2	0.2	0.3	0.4	0.6	0.7	0.9	1	1.1	1.5	2	2.1	2.5	3	3	3.6	4	4.4	5	6	7	8	9	10	12	13.1	15	17	19	24	35	85
11298	46.95	15.88	0	20241101	0	320	0	0	0	0	0	0	0	0	0	0	0	0	0	0	0	0	0	0	0	0	0	0	0	0	0	0	0	0	0	0	0	0	0	0	0	0	0	0	0	0	0	0	0	0	0	0	0	0	0	0	0	0	0	0	0	0	0	0	0	0	0	0	0	0	0	0	0.1	0.1	0.1	0.2	0.3	0.3	0.4	0.5	0.6	0.8	1	1	1.4	2	2	2.1	2.5	3	3.1	4	4	4.1	5	6	6.3	7	8.6	10	12	13.2	15.2	18	21	28	80
11310	46.98	10.32	0	20241101	0	2312	0	0	0	0	0	0	0	0	0	0	0	0	0	0	0	0	0	0	0	0	0	0	0	0	0	0	0	0	0	0	0	0	0	0	0	0	0	0	0	0	0	0	0	0	0	0	0	0	0	0	0.1	0.1	0.2	0.2	0.3	0.3	0.4	0.5	0.6	0.7	0.8	0.9	1	1	1.1	1.3	1.5	1.8	2	2	2	2.1	2.4	2.7	3	3	3.1	3.2	3.7	4	4.2	4.6	5	5.2	5.8	6	6.4	7	7.5	8.1	9	10	10.1	11	12.6	15	16	18	21	25	64
11312	46.97	10.19	0	20241101	0	1577	0	0	0	0	0	0	0	0	0	0	0	0	0	0	0	0	0	0	0	0	0	0	0	0	0	0	0	0	0	0	0	0	0	0	0	0	0	0	0	0	0	0	0	0	0	0	0	0	0	0	0	0.1	0.1	0.1	0.2	0.2	0.3	0.3	0.4	0.5	0.5	0.6	0.7	0.8	0.9	1	1	1.1	1.2	1.3	1.5	1.8	2	2	2.1	2.3	2.9	3	3	3.3	3.8	4	4	4.7	5	5.2	6	6.1	7	7.5	8	9	9.1	10	11	13	15	17	19.2	25	53
11316	46.93	10.88	0	20241101	0	2848	0	0	0	0	0	0	0	0	0	0	0	0	0	0	0	0	0	0	0	0	0	0	0	0	0	0	0	0	0	0	0	0	0	0	0	0	0	0	0	0	0	0	0	0	0	0.1	0.1	0.1	0.2	0.2	0.2	0.3	0.3	0.4	0.5	0.6	0.7	0.7	0.9	1	1	1	1.1	1.2	1.4	1.6	1.8	2	2	2.2	2.3	2.5	2.9	3	3.3	3.6	4	4	4.3	4.8	5	5.2	5.6	6	6.2	7	7	7.8	8	9	9.5	10	11	12	13	15	16.8	18	20.7	28	59
11331	46.65	14.32	0	20241101	0	452	0	0	0	0	0	0	0	0	0	0	0	0	0	0	0	0	0	0	0	0	0	0	0	0	0	0	0	0	0	0	0	0	0	0	0	0	0	0	0	0	0	0	0	0	0	0	0	0	0	0	0	0	0	0	0	0	0	0	0	0	0	0	0	0.1	0.1	0.1	0.1	0.2	0.2	0.3	0.4	0.5	0.6	0.7	0.9	1	1.1	1.6	2	2	2.6	3	3.3	4	4.2	5	5.7	6.3	7	8	9	10	11	12	14	17	18.9	22	25.7	33	72
12910	46.91	16.31	0	20241101	0	313	0	0	0	0	0	0	0	0	0	0	0	0	0	0	0	0	0	0	0	0	0	0	0	0	0	0	0	0	0	0	0	0	0	0	0	0	0	0	0	0	0	0	0	0	0	0	0	0	0	0	0	0	0	0	0	0	0	0	0	0	0	0	0	0	0.1	0.1	0.1	0.1	0.2	0.2	0.2	0.3	0.4	0.5	0.6	0.7	0.9	1	1.1	1.4	1.6	2	2.2	2.6	3	3.6	4	4.5	5.2	6.4	7.4	8.3	9.3	10.6	12.5	14	15.8	18.8	21.1	25.7	51.8
12915	46.87	16.8	0	20241101	0	241	0	0	0	0	0	0	0	0	0	0	0	0	0	0	0	0	0	0	0	0	0	0	0	0	0	0	0	0	0	0	0	0	0	0	0	0	0	0	0	0	0	0	0	0	0	0	0	0	0	0	0	0	0	0	0	0	0	0	0	0	0	0	0	0	0	0	0	0.1	0.1	0.1	0.1	0.1	0.2	0.2	0.3	0.4	0.6	0.7	0.9	1	1.1	1.3	1.6	2	2.1	2.7	3.1	3.6	4.3	4.9	5.9	6.2	7	8.6	9.7	10.8	13	15.6	18.3	25.7	71.4
12922	46.68	17.17	0	20241101	0	125	0	0	0	0	0	0	0	0	0	0	0	0	0	0	0	0	0	0	0	0	0	0	0	0	0	0	0	0	0	0	0	0	0	0	0	0	0	0	0	0	0	0	0	0	0	0	0	0	0	0	0	0	0	0	0	0	0	0	0	0	0	0	0	0	0	0	0	0	0.1	0.1	0.1	0.2	0.2	0.3	0.4	0.4	0.5	0.7	0.8	1	1.1	1.4	1.8	2	2.3	2.8	3.2	3.8	4	4.6	5.2	6	6.6	7.9	9.4	11	13.1	15.3	18.4	24	73.5
12925	46.45	16.97	0	20241101	0	141	0	0	0	0	0	0	0	0	0	0	0	0	0	0	0	0	0	0	0	0	0	0	0	0	0	0	0	0	0	0	0	0	0	0	0	0	0	0	0	0	0	0	0	0	0	0	0	0	0	0	0	0	0	0	0	0	0	0	0	0	0	0	0	0	0	0.1	0.1	0.1	0.1	0.1	0.2	0.2	0.3	0.3	0.4	0.5	0.7	0.8	0.9	1	1.3	1.6	2	2.5	2.9	3.1	3.9	4.3	5	5.3	6.1	7	8	9.3	11	12.8	14.4	16	18.8	22	105.1
12935	46.91	18.04	0	20241101	0	109	0	0	0	0	0	0	0	0	0	0	0	0	0	0	0	0	0	0	0	0	0	0	0	0	0	0	0	0	0	0	0	0	0	0	0	0	0	0	0	0	0	0	0	0	0	0	0	0	0	0	0	0	0	0	0	0	0	0	0	0	0	0	0	0	0	0	0	0	0	0	0	0	0.1	0.1	0.1	0.2	0.2	0.3	0.4	0.5	0.6	0.7	0.9	1	1.2	1.7	2	2.5	3	3.2	4	4.6	5.1	6.3	7.7	8.7	10.1	12.4	14.6	21.5	66.7
12942	46	18.24	0	20241101	0	203	0	0	0	0	0	0	0	0	0	0	0	0	0	0	0	0	0	0	0	0	0	0	0	0	0	0	0	0	0	0	0	0	0	0	0	0	0	0	0	0	0	0	0	0	0	0	0	0	0	0	0	0	0	0	0	0	0	0	0	0	0	0	0	0	0	0	0	0	0.1	0.1	0.1	0.1	0.2	0.2	0.4	0.5	0.6	0.8	0.8	1	1	1.3	1.7	1.9	2	2.5	2.9	3.2	3.7	4	4.6	5.7	6.7	8	9	10.5	12.1	14.7	16.6	22.9	43.7
12950	46.57	18.85	0	20241101	0	98	0	0	0	0	0	0	0	0	0	0	0	0	0	0	0	0	0	0	0	0	0	0	0	0	0	0	0	0	0	0	0	0	0	0	0	0	0	0	0	0	0	0	0	0	0	0	0	0	0	0	0	0	0	0	0	0	0	0	0	0	0	0	0	0	0	0	0	0	0	0	0.1	0.1	0.1	0.1	0.2	0.3	0.4	0.5	0.7	0.7	0.8	1	1.1	1.4	1.8	2	2.2	2.7	3	3.6	4.1	4.9	5.5	6.2	7.6	8.5	10.1	12.8	17.1	20.5	46.8
13459	42.77	18.95	0	20241101	0	647	0	0	0	0	0	0	0	0	0	0	0	0	0	0	0	0	0	0	0	0	0	0	0	0	0	0	0	0	0	0	0	0	0	0	0	0	0	0	0	0	0	0	0	0	0	0	0	0	0	0	0	0	0	0	0	0	0	0	0	0	0	0	0	0	0.1	0.1	0.2	0.3	0.3	0.5	0.9	1	1.1	1.9	2	2.3	3	4	4	5	5.8	6	7	8	9	10	11	13	14	16	18.8	21.2	24.4	27	31.1	34	40	46	64	79	275
14014	46.22	14.48	0	20241101	0	383	0	0	0	0	0	0	0	0	0	0	0	0	0	0	0	0	0	0	0	0	0	0	0	0	0	0	0	0	0	0	0	0	0	0	0	0	0	0	0	0	0	0	0	0	0	0	0	0	0	0	0	0	0	0	0	0	0	0	0	0	0	0.1	0.1	0.2	0.2	0.3	0.3	0.4	0.5	0.6	0.7	0.9	1	1.1	1.6	2	2.1	2.5	2.9	3.3	4	4.3	5.2	6	6.8	7.4	8	9.2	10	11.2	12.5	14.3	16	17.8	19.7	21.7	24.4	29.4	34.6	47.3	165.8
14235	45.91	15.97	0	20241101	0	992	0	0	0	0	0	0	0	0	0	0	0	0	0	0	0	0	0	0	0	0	0	0	0	0	0	0	0	0	0	0	0	0	0	0	0	0	0	0	0	0	0	0	0	0	0	0	0	0	0	0	0	0	0	0	0	0	0	0	0	0	0	0	0.1	0.1	0.2	0.2	0.3	0.4	0.5	0.6	0.9	1	1	1.3	1.6	2	2	2.4	3	3.6	4	5	5.1	6	6.2	7	8	8.5	9.3	10.5	12	13	14	16	18	20	23.8	26.8	35	44	69
14240	45.82	16.03	0	20241101	0	128	0	0	0	0	0	0	0	0	0	0	0	0	0	0	0	0	0	0	0	0	0	0	0	0	0	0	0	0	0	0	0	0	0	0	0	0	0	0	0	0	0	0	0	0	0	0	0	0	0	0	0	0	0	0	0	0	0	0	0	0	0	0	0	0	0	0.1	0.1	0.2	0.2	0.3	0.4	0.6	0.7	0.9	1	1	1.3	2	2	2.3	2.9	3	3.7	4	4.1	5	5.1	6	6.9	8	9	10	10.9	12	13.3	15.7	18	22	26	33	88.2
14241	45.73	16.05	0	20241101	0	109	0	0	0	0	0	0	0	0	0	0	0	0	0	0	0	0	0	0	0	0	0	0	0	0	0	0	0	0	0	0	0	0	0	0	0	0	0	0	0	0	0	0	0	0	0	0	0	0	0	0	0	0	0	0	0	0	0	0	0	0	0	0	0	0	0	0	0	0	0.2	0.2	0.2	0.4	0.6	0.8	1	1	1	1.4	1.8	2	2.2	3	3	3.8	4	5	5	6	6.2	7	8	9.6	10	12	14	16.2	18.2	22	26	32	61
14256	45.88	17.2	0	20241101	0	263	0	0	0	0	0	0	0	0	0	0	0	0	0	0	0	0	0	0	0	0	0	0	0	0	0	0	0	0	0	0	0	0	0	0	0	0	0	0	0	0	0	0	0	0	0	0	0	0	0	0	0	0	0	0	0	0	0	0	0	0	0	0	0	0	0	0	0.1	0.1	0.1	0.2	0.2	0.3	0.4	0.5	0.6	0.8	1	1	1.4	2	2	2.2	3	3.3	4	4	5	6	6	7	8	9	10	11	12	13	16.2	18.5	23.2	28	58
14280	45.5	18.56	0	20241101	0	89	0	0	0	0	0	0	0	0	0	0	0	0	0	0	0	0	0	0	0	0	0	0	0	0	0	0	0	0	0	0	0	0	0	0	0	0	0	0	0	0	0	0	0	0	0	0	0	0	0	0	0	0	0	0	0	0	0	0	0	0	0	0	0	0	0	0	0	0.1	0.1	0.2	0.2	0.3	0.4	0.4	0.5	0.6	0.9	1	1	1.1	1.7	2	2.1	2.8	3	3.2	4	4.3	5	5.8	6.4	7.5	8	9.2	10.7	11.3	13	16	19	25.3	52
14284	45.47	18.81	0	20241101	0	89	0	0	0	0	0	0	0	0	0	0	0	0	0	0	0	0	0	0	0	0	0	0	0	0	0	0	0	0	0	0	0	0	0	0	0	0	0	0	0	0	0	0	0	0	0	0	0	0	0	0	0	0	0	0	0	0	0	0	0	0	0	0	0	0	0	0	0.1	0.1	0.2	0.2	0.3	0.4	0.4	0.5	0.6	0.7	1	1	1	1.1	1.6	2	2	2.2	2.7	3	3.2	4	4.3	5	6	7	7.6	8.2	9.3	10	12	14	19	25	47
14307	44.9	13.93	0	20241101	0	63	0	0	0	0	0	0	0	0	0	0	0	0	0	0	0	0	0	0	0	0	0	0	0	0	0	0	0	0	0	0	0	0	0	0	0	0	0	0	0	0	0	0	0	0	0	0	0	0	0	0	0	0	0	0	0	0	0	0	0	0	0	0	0	0	0	0	0	0	0	0	0	0	0	0.1	0.1	0.2	0.3	0.4	0.6	0.9	1	1.6	2	2	2.6	3	4	4.1	5	5.7	6.2	7	8.3	10.1	12	14	17.7	21.2	27.1	36	96.5
14317	45.22	14.58	0	20241101	0	83	0	0	0	0	0	0	0	0	0	0	0	0	0	0	0	0	0	0	0	0	0	0	0	0	0	0	0	0	0	0	0	0	0	0	0	0	0	0	0	0	0	0	0	0	0	0	0	0	0	0	0	0	0	0	0	0	0	0	0	0	0	0	0	0	0	0	0	0	0.1	0.2	0.3	0.3	0.5	0.7	1	1	1.3	2	2.2	3	3	3.2	4	4.5	5	6	6.8	7.7	8.2	9.8	11	13.7	15	16.2	19	22	26	31	38.4	49	616
14370	45.16	18	0	20241101	0	89	0	0	0	0	0	0	0	0	0	0	0	0	0	0	0	0	0	0	0	0	0	0	0	0	0	0	0	0	0	0	0	0	0	0	0	0	0	0	0	0	0	0	0	0	0	0	0	0	0	0	0	0	0	0	0	0	0	0	0	0	0	0	0	0	0.1	0.1	0.1	0.2	0.2	0.2	0.3	0.3	0.4	0.5	0.6	0.8	1	1	1.3	1.9	2	2	2.8	3	3.3	4	4.2	5	6	6.4	7	8	9	9.5	11	13	15	17	20	27	53
14382	45.16	18.7	0	20241101	0	98	0	0	0	0	0	0	0	0	0	0	0	0	0	0	0	0	0	0	0	0	0	0	0	0	0	0	0	0	0	0	0	0	0	0	0	0	0	0	0	0	0	0	0	0	0	0	0	0	0	0	0	0	0	0	0	0	0	0	0	0	0	0	0	0	0	0	0	0	0.1	0.1	0.2	0.2	0.2	0.3	0.4	0.5	0.7	0.9	1	1	1.3	1.9	2	2.1	2.6	3	3.6	4	4.4	5	6	6.6	8	9	10	12	14	16	18.5	24	40
14431	44.1	15.36	0	20241101	0	83	0	0	0	0	0	0	0	0	0	0	0	0	0	0	0	0	0	0	0	0	0	0	0	0	0	0	0	0	0	0	0	0	0	0	0	0	0	0	0	0	0	0	0	0	0	0	0	0	0	0	0	0	0	0	0	0	0	0	0	0	0	0	0	0	0	0	0	0	0.2	0.2	0.2	0.2	0.2	0.2	0.2	0.4	0.4	0.6	0.8	1	1	1.8	2	3	3	3.6	4	5	5.2	6	7	8	10	11	12.2	16	20.2	25	30.4	46	245.7
14444	43.54	16.3	0	20241101	0	21	0	0	0	0	0	0	0	0	0	0	0	0	0	0	0	0	0	0	0	0	0	0	0	0	0	0	0	0	0	0	0	0	0	0	0	0	0	0	0	0	0	0	0	0	0	0	0	0	0	0	0	0	0	0	0	0	0	0	0	0	0	0	0	0	0	0	0	0	0	0	0	0	0	0	0.1	0.1	0.2	0.3	0.5	0.7	0.9	1	1.3	2	2.5	3.1	4	4.1	5	6.1	7.9	9	10	13	14.3	16	20	24	29	38.2	121.5
14445	43.51	16.43	0	20241101	0	128	0	0	0	0	0	0	0	0	0	0	0	0	0	0	0	0	0	0	0	0	0	0	0	0	0	0	0	0	0	0	0	0	0	0	0	0	0	0	0	0	0	0	0	0	0	0	0	0	0	0	0	0	0	0	0	0	0	0	0	0	0	0	0	0	0	0	0	0	0	0	0	0	0	0	0.1	0.2	0.3	0.4	0.5	0.7	0.9	1	1.9	2	2.6	3	3.5	4	5	6	6.5	8	9	10	12	15	17	19.4	23	33	138
14474	42.56	18.27	0	20241101	0	159	0	0	0	0	0	0	0	0	0	0	0	0	0	0	0	0	0	0	0	0	0	0	0	0	0	0	0	0	0	0	0	0	0	0	0	0	0	0	0	0	0	0	0	0	0	0	0	0	0	0	0	0	0	0	0	0	0	0	0	0	0	0	0	0	0	0	0	0	0	0	0	0	0	0	0.2	0.4	0.6	0.8	1	1	2	2	3	3.2	4	4.8	5	6	7	8	9.2	11	13	14	17	19	22	28	34.4	41	129
14549	44.22	17.9	0	20241101	0	346	0	0	0	0	0	0	0	0	0	0	0	0	0	0	0	0	0	0	0	0	0	0	0	0	0	0	0	0	0	0	0	0	0	0	0	0	0	0	0	0	0	0	0	0	0	0	0	0	0	0	0	0	0	0	0	0	0	0	0.1	0.1	0.1	0.1	0.1	0.1	0.2	0.2	0.2	0.3	0.3	0.3	0.4	0.4	0.5	0.6	0.7	0.8	0.9	1	1.1	1.4	1.8	2	2.1	2.5	3	3.2	4	4.3	4.8	5	5.8	6.2	7.1	8.2	9.3	10.9	12.1	14.2	16.5	22.4	41.5
14648	43.35	17.8	0	20241101	0	104	0	0	0	0	0	0	0	0	0	0	0	0	0	0	0	0	0	0	0	0	0	0	0	0	0	0	0	0	0	0	0	0	0	0	0	0	0	0	0	0	0	0	0	0	0	0	0	0	0	0	0	0	0	0	0	0	0	0	0	0	0	0	0	0	0	0	0	0	0	0.1	0.2	0.3	0.4	0.6	0.8	1	1	1.6	2	2	2.9	3.3	4	5	5.5	6	7	8	9	10.3	11.1	13	14.6	16	18	21	26	31	36.5	43.1	73
14652	43.7	18.26	0	20241101	0	2067	0	0	0	0	0	0	0	0	0	0	0	0	0	0	0	0	0	0	0	0	0	0	0	0	0	0	0	0	0	0	0	0	0	0	0	0	0	0	0	0	0	0	0	0	0	0	0	0	0	0	0	0	0	0	0	0	0	0.1	0.2	0.3	0.3	0.4	0.4	0.6	0.7	0.8	1	1	1	1.1	1.3	1.6	2	2	2	2.5	3	3	3	3.5	4	4	4.4	5	5	5.6	6	7	7	7.6	8.1	9	10	11	12	13.2	15	18	21	26.4	55
14654	43.87	18.43	0	20241101	0	639	0	0	0	0	0	0	0	0	0	0	0	0	0	0	0	0	0	0	0	0	0	0	0	0	0	0	0	0	0	0	0	0	0	0	0	0	0	0	0	0	0	0	0	0	0	0	0	0	0	0	0	0	0	0	0	0	0	0	0.1	0.1	0.1	0.1	0.2	0.2	0.3	0.4	0.5	0.5	0.6	0.7	0.8	0.9	1	1.1	1.4	1.8	2	2	2.1	2.4	3	3	3.5	4	4	4.7	5.1	6	6.8	7.2	8	9	10	11.2	12.5	14	15	17	20.1	28.8	80
14657	42.93	17.61	0	20241101	0	14	0	0	0	0	0	0	0	0	0	0	0	0	0	0	0	0	0	0	0	0	0	0	0	0	0	0	0	0	0	0	0	0	0	0	0	0	0	0	0	0	0	0	0	0	0	0	0	0	0	0	0	0	0	0	0	0	0	0	0	0	0	0	0	0	0	0	0	0	0	0	0	0	0	0	0	0	0	0	0	0.1	0.1	0.1	0.1	0.2	0.3	0.4	0.5	0.6	0.8	1	1.2	2	3	4	6	8	11	14	18.9	30.2	89
16008	46.76	10.53	0	20241101	0	1461	0	0	0	0	0	0	0	0	0	0	0	0	0	0	0	0	0	0	0	0	0	0	0	0	0	0	0	0	0	0	0	0	0	0	0	0	0	0	0	0	0	0	0	0	0	0	0	0	0	0	0	0	0	0	0	0	0	0	0	0	0	0	0	0	0	0	0	0	0	0	0.1	0.1	0.2	0.2	0.2	0.2	0.4	0.4	0.6	0.6	0.8	1	1	1.2	1.4	1.7	1.8	2	2.4	2.7	3	3.4	4.4	5	5.8	6.8	8	10.8	13.4	20.8	1002.4
16021	46.3	11.79	0	20241101	0	2006	0	0	0	0	0	0	0	0	0	0	0	0	0	0	0	0	0	0	0	0	0	0	0	0	0	0	0	0	0	0	0	0	0	0	0	0	0	0	0	0	0	0	0	0	0	0	0	0	0	0	0	0	0	0	0	0	0	0	0	0	0	0	0	0	0	0	0	0	0	0	0	0	0	0	0	0	0.2	0.2	0.4	0.7	0.8	1.2	1.6	2	2.2	2.6	3	3.6	4	4.6	5.2	6	6.4	7.8	8.8	11	14.4	17.4	23	31.4	79
16022	46.16	11.03	0	20241101	0	2129	0	0	0	0	0	0	0	0	0	0	0	0	0	0	0	0	0	0	0	0	0	0	0	0	0	0	0	0	0	0	0	0	0	0	0	0	0	0	0	0	0	0	0	0	0	0	0	0	0	0	0	0	0	0	0	0	0	0	0	0	0	0	0	0	0	0	0.1	0.2	0.2	0.3	0.4	0.4	0.6	0.8	1	1.1	1.4	1.5	1.8	2	2.4	2.8	3.2	3.4	4.2	4.8	5.6	6	6.8	7.6	8.6	9.4	10.4	11.8	13.4	16	19.6	24	30.2	47.2	990
16059	45.2	7.65	0	20241101	0	287	0	0	0	0	0	0	0	0	0	0	0	0	0	0	0	0	0	0	0	0	0	0	0	0	0	0	0	0	0	0	0	0	0	0	0	0	0	0	0	0	0	0	0	0	0	0	0	0	0	0	0	0	0	0	0	0	0	0	0	0	0	0	0	0	0	0	0	0	0	0	0	0	0	0	0.2	0.2	0.2	0.2	0.4	0.6	0.8	0.8	1	1.2	1.8	2	2.4	3	4	4	5	6	7.6	9	11	13	15.2	19	25	35.2	75
16061	45.03	7.73	0	20241101	0	710	0	0	0	0	0	0	0	0	0	0	0	0	0	0	0	0	0	0	0	0	0	0	0	0	0	0	0	0	0	0	0	0	0	0	0	0	0	0	0	0	0	0	0	0	0	0	0	0	0	0	0	0	0	0	0	0	0	0	0	0	0	0	0	0	0	0	0	0	0	0	0	0	0	0	0	0	0	0	0.2	0.2	0.4	0.5	0.6	1	1.2	1.6	2	2.2	2.8	3.6	4.7	5.6	6.9	7.6	8.5	10.4	13.6	16.4	20.4	27.2	67
16066	45.63	8.72	0	20241101	0	212	0	0	0	0	0	0	0	0	0	0	0	0	0	0	0	0	0	0	0	0	0	0	0	0	0	0	0	0	0	0	0	0	0	0	0	0	0	0	0	0	0	0	0	0	0	0	0	0	0	0	0	0	0	0	0	0	0	0	0	0	0	0	0	0	0	0	0	0	0	0	0	0	0.2	0.2	0.2	0.4	0.4	0.6	0.6	1	1	1.2	2	2.2	2.8	3	4	4.6	6	7	8	9	10	12	14	16	20	26	30	45	109
16076	45.67	9.7	0	20241101	0	237	0	0	0	0	0	0	0	0	0	0	0	0	0	0	0	0	0	0	0	0	0	0	0	0	0	0	0	0	0	0	0	0	0	0	0	0	0	0	0	0	0	0	0	0	0	0	0	0	0	0	0	0	0	0	0	0	0	0	0	0	0	0	0	0	0	0	0	0	0	0	0	0	0.2	0.2	0.2	0.4	0.4	0.4	0.8	1	1	1.2	1.6	2	2.4	3	4	5	5.2	7	8	9	10.2	13	15	17.6	20.6	23	29	35.2	65
16080	45.45	9.28	0	20241101	0	103	0	0	0	0	0	0	0	0	0	0	0	0	0	0	0	0	0	0	0	0	0	0	0	0	0	0	0	0	0	0	0	0	0	0	0	0	0	0	0	0	0	0	0	0	0	0	0	0	0	0	0	0	0	0	0	0	0	0	0	0	0	0	0	0	0.2	0.2	0.2	0.2	0.2	0.2	0.2	0.2	0.2	0.2	0.2	0.4	0.6	0.8	1	1	1	1.2	1.6	2	2.2	3	3.2	4	5	5.6	6.2	7.4	9	11	13	16	19	23	28	37.2	133
16088	45.42	10.28	0	20241101	0	97	0	0	0	0	0	0	0	0	0	0	0	0	0	0	0	0	0	0	0	0	0	0	0	0	0	0	0	0	0	0	0	0	0	0	0	0	0	0	0	0	0	0	0	0	0	0	0	0	0	0	0	0	0	0	0	0	0	0	0	0	0	0	0	0	0	0	0	0	0	0	0.1	0.2	0.2	0.2	0.2	0.4	0.4	0.6	0.8	0.9	1.2	1.6	1.8	2.2	2.4	2.8	3.5	4.2	4.8	5.6	6.6	8	9.3	10.6	13.2	15	17.6	21.6	28.4	34.8	992
16090	45.39	10.87	0	20241101	0	68	0	0	0	0	0	0	0	0	0	0	0	0	0	0	0	0	0	0	0	0	0	0	0	0	0	0	0	0	0	0	0	0	0	0	0	0	0	0	0	0	0	0	0	0	0	0	0	0	0	0	0	0	0	0	0	0	0	0	0	0	0	0	0	0	0	0	0	0	0	0	0	0	0	0.2	0.2	0.2	0.4	0.6	0.6	0.8	1	1	1.2	2	2	3	3.4	4	5	5.4	6.6	8	9	10	12	14	17	20.4	25	31.6	68
16098	45.68	12.11	0	20241101	0	42	0	0	0	0	0	0	0	0	0	0	0	0	0	0	0	0	0	0	0	0	0	0	0	0	0	0	0	0	0	0	0	0	0	0	0	0	0	0	0	0	0	0	0	0	0	0	0	0	0	0	0	0	0	0	0	0	0	0	0	0	0	0	0	0	0	0	0	0	0	0	0	0	0	0	0	0	0	0	0	0	0.1	0.1	0.2	0.2	0.2	0.4	0.6	0.9	1.2	1.6	2.4	3.3	4.2	5.2	6.6	8.8	10.2	14	18.9	24.4	69.4
16099	45.65	12.18	0	20241101	0	23	0	0	0	0	0	0	0	0	0	0	0	0	0	0	0	0	0	0	0	0	0	0	0	0	0	0	0	0	0	0	0	0	0	0	0	0	0	0	0	0	0	0	0	0	0	0	0	0	0	0	0	0	0	0	0	0	0	0	0	0	0	0	0	0	0	0	0	0	0	0	0	0.2	0.2	0.2	0.2	0.4	0.4	0.6	0.8	1	1	1.2	1.8	2	2.2	3	3.6	4	5	6	6.4	7.8	8.4	10	11	12	14	19	22	31	73
16105	45.51	12.35	0	20241101	0	6	0	0	0	0	0	0	0	0	0	0	0	0	0	0	0	0	0	0	0	0	0	0	0	0	0	0	0	0	0	0	0	0	0	0	0	0	0	0	0	0	0	0	0	0	0	0	0	0	0	0	0	0	0	0	0	0	0	0	0	0	0	0	0	0	0	0	0	0	0	0	0	0	0	0	0.2	0.2	0.2	0.2	0.2	0.4	0.4	0.6	0.8	1	1.2	2	2	3	3.8	4	4.8	5	6	7	8	11	13	15	18.8	27	113
16108	45.83	13.47	0	20241101	0	11	0	0	0	0	0	0	0	0	0	0	0	0	0	0	0	0	0	0	0	0	0	0	0	0	0	0	0	0	0	0	0	0	0	0	0	0	0	0	0	0	0	0	0	0	0	0	0	0	0	0	0	0	0	0	0	0	0	0	0	0	0	0	0	0	0	0	0	0	0.2	0.2	0.2	0.2	0.4	0.4	0.6	0.8	1	1	1	1.6	2	2.4	3	3.2	4	4.6	5	5.8	7	8	9	10.6	12.8	14	17	19	22	26	32	42.2	96
16111	44.24	8.2	0	20241101	0	1383	0	0	0	0	0	0	0	0	0	0	0	0	0	0	0	0	0	0	0	0	0	0	0	0	0	0	0	0	0	0	0	0	0	0	0	0	0	0	0	0	0	0	0	0	0	0	0	0	0	0	0	0	0	0	0	0	0	0	0	0	0	0	0	0	0	0	0	0	0	0	0	0	0.2	0.2	0.2	0.2	0.2	0.4	0.4	0.6	0.8	1.2	1.2	1.6	2	2.4	2.8	3.2	4.4	4.8	5.4	6.8	7.8	9.6	10.8	14.4	19.2	23.8	32.8	45.2	149.6
16120	44.41	8.84	0	20241101	0	3	0	0	0	0	0	0	0	0	0	0	0	0	0	0	0	0	0	0	0	0	0	0	0	0	0	0	0	0	0	0	0	0	0	0	0	0	0	0	0	0	0	0	0	0	0	0	0	0	0	0	0	0	0	0	0	0	0	0	0	0	0	0	0	0	0	0	0	0	0	0	0	0.2	0.2	0.2	0.2	0.4	0.4	0.4	0.4	0.6	0.6	0.8	1	1	1.2	1.8	2	2.4	3	3.4	4	5.2	7	10	12	15	19	25	33	45	183
16134	44.19	10.7	0	20241101	0	2173	0	0	0	0	0	0	0	0	0	0	0	0	0	0	0	0	0	0	0	0	0	0	0	0	0	0	0	0	0	0	0	0	0	0	0	0	0	0	0	0	0	0	0	0	0	0	0	0	0	0	0	0	0	0	0	0	0	0	0	0	0	0	0	0	0	0	0	0	0	0	0	0	0	0	0	0.2	0.2	0.2	0.2	0.4	0.4	0.6	0.6	0.8	1	1.2	1.4	1.8	2.2	2.4	3	3.6	4.4	5.4	6.4	7.6	9.2	11	14.4	20.4	67
16140	44.53	11.3	0	20241101	0	37	0	0	0	0	0	0	0	0	0	0	0	0	0	0	0	0	0	0	0	0	0	0	0	0	0	0	0	0	0	0	0	0	0	0	0	0	0	0	0	0	0	0	0	0	0	0	0	0	0	0	0	0	0	0	0	0	0	0	0	0	0	0	0	0	0	0	0	0	0	0	0	0	0	0	0	0	0	0	0	0	0	0	0	0.2	0.2	0.2	0.4	0.8	1	1.4	2	2.8	3	4	5.2	6.8	8.2	12.2	19	33	121.4
16146	44.44	12.3	0	20241101	0	6	0	0	0	0	0	0	0	0	0	0	0	0	0	0	0	0	0	0	0	0	0	0	0	0	0	0	0	0	0	0	0	0	0	0	0	0	0	0	0	0	0	0	0	0	0	0	0	0	0	0	0	0	0	0	0	0	0	0	0	0	0	0	0	0	0	0	0	0	0	0	0	0	0	0	0	0	0	0	0	0	0	0	0	0	0	0.1	0.1	0.1	0.2	0.3	0.4	0.6	0.8	1.3	1.8	3	4	6.3	8.9	15.2	41.5
16148	44.23	12.29	0	20241101	0	10	0	0	0	0	0	0	0	0	0	0	0	0	0	0	0	0	0	0	0	0	0	0	0	0	0	0	0	0	0	0	0	0	0	0	0	0	0	0	0	0	0	0	0	0	0	0	0	0	0	0	0	0	0	0	0	0	0	0	0	0	0	0	0	0	0	0	0	0	0	0	0	0	0	0	0	0	0.1	0.2	0.2	0.2	0.2	0.4	0.4	0.6	0.8	1	1.2	1.4	1.8	2	2.6	3.1	3.8	5.3	6.2	8.2	10	13.2	17	25	71.5
16149	44.02	12.61	0	20241101	0	13	0	0	0	0	0	0	0	0	0	0	0	0	0	0	0	0	0	0	0	0	0	0	0	0	0	0	0	0	0	0	0	0	0	0	0	0	0	0	0	0	0	0	0	0	0	0	0	0	0	0	0	0	0	0	0	0	0	0	0	0	0	0	0	0	0	0	0	0	0	0	0	0	0	0.2	0.2	0.2	0.2	0.2	0.4	0.4	0.6	0.8	1	1	1.2	2	2	2.2	3	3.2	4	4.8	5.2	6.2	7	8	10	12	15	22	104.6
16158	43.68	10.4	0	20241101	0	6	0	0	0	0	0	0	0	0	0	0	0	0	0	0	0	0	0	0	0	0	0	0	0	0	0	0	0	0	0	0	0	0	0	0	0	0	0	0	0	0	0	0	0	0	0	0	0	0	0	0	0	0	0	0	0	0	0	0	0	0	0	0	0	0	0	0	0	0.1	0.1	0.1	0.2	0.2	0.2	0.3	0.4	0.4	0.6	0.8	0.9	1.2	1.4	1.8	2.1	2.4	2.9	3.4	4.2	5	5.6	6.6	7.7	8.8	10	11.8	13.6	16	19.3	23.2	29	35.6	103.6
16170	43.81	11.2	0	20241101	0	38	0	0	0	0	0	0	0	0	0	0	0	0	0	0	0	0	0	0	0	0	0	0	0	0	0	0	0	0	0	0	0	0	0	0	0	0	0	0	0	0	0	0	0	0	0	0	0	0	0	0	0	0	0	0	0	0	0	0	0	0	0	0	0	0	0	0	0	0.2	0.2	0.2	0.2	0.2	0.2	0.4	0.4	0.6	0.6	0.8	1	1	1.2	1.4	2	2.4	3	3	3.8	4.2	5	6	6.4	7.4	9	10	11	12.2	14	17	19	27.2	71.2
16179	43.52	12.73	0	20241101	0	574	0	0	0	0	0	0	0	0	0	0	0	0	0	0	0	0	0	0	0	0	0	0	0	0	0	0	0	0	0	0	0	0	0	0	0	0	0	0	0	0	0	0	0	0	0	0	0	0	0	0	0	0	0	0	0	0	0	0	0	0	0	0	0	0	0	0	0	0.1	0.1	0.2	0.2	0.4	0.6	0.6	0.8	1	1.2	1.4	1.8	2	2.2	2.7	3.2	3.8	4.2	5	5.8	6.4	7.4	8.4	9	9.8	11.2	12.7	14.8	18.2	21	23.8	31.6	42.2	127.4
16191	43.62	13.36	0	20241101	0	15	0	0	0	0	0	0	0	0	0	0	0	0	0	0	0	0	0	0	0	0	0	0	0	0	0	0	0	0	0	0	0	0	0	0	0	0	0	0	0	0	0	0	0	0	0	0	0	0	0	0	0	0	0	0	0	0	0	0	0	0	0	0	0	0	0	0	0	0	0.2	0.2	0.2	0.2	0.2	0.2	0.2	0.4	0.4	0.4	0.6	0.8	1	1	1.2	2	2	2.2	3	3	3.6	4	5	6	7.4	9	11	13	14	16	21	31	114
16206	42.75	11.06	0	20241101	0	7	0	0	0	0	0	0	0	0	0	0	0	0	0	0	0	0	0	0	0	0	0	0	0	0	0	0	0	0	0	0	0	0	0	0	0	0	0	0	0	0	0	0	0	0	0	0	0	0	0	0	0	0	0	0	0	0	0	0	0	0	0	0	0	0	0	0	0	0	0	0	0	0	0	0	0	0	0	0	0	0	0	0	0	0	0	0	0	0	0	0.1	0.1	0.2	0.3	0.6	1.4	2.8	4	5.4	9.6	16	85.6
16214	42.03	11.83	0	20241101	0	4	0	0	0	0	0	0	0	0	0	0	0	0	0	0	0	0	0	0	0	0	0	0	0	0	0	0	0	0	0	0	0	0	0	0	0	0	0	0	0	0	0	0	0	0	0	0	0	0	0	0	0	0	0	0	0	0	0	0	0	0	0	0	0	0	0	0	0	0	0	0	0	0	0	0	0	0	0	0	0	0	0	0	0	0	0	0	0	0	0	0	0	0	0	0	0	0	0	0.2	0.6	1.4	24.8
16217	42.47	12.34	0	20241101	0	76	0	0	0	0	0	0	0	0	0	0	0	0	0	0	0	0	0	0	0	0	0	0	0	0	0	0	0	0	0	0	0	0	0	0	0	0	0	0	0	0	0	0	0	0	0	0	0	0	0	0	0	0	0	0	0	0	0	0	0	0	0	0	0	0	0	0	0	0	0	0	0.1	0.1	0.1	0.1	0.2	0.2	0.3	0.4	0.4	0.6	0.8	1	1.1	1.4	1.6	2.1	2.3	2.9	3.4	3.8	4.5	5	5.6	6.9	8.3	9.4	12	14.1	18.7	25.6	60.4
16219	42.47	12.98	0	20241101	0	1875	0	0	0	0	0	0	0	0	0	0	0	0	0	0	0	0	0	0	0	0	0	0	0	0	0	0	0	0	0	0	0	0	0	0	0	0	0	0	0	0	0	0	0	0	0	0	0	0	0	0	0	0	0	0	0.1	0.1	0.2	0.2	0.2	0.3	0.3	0.3	0.4	0.5	0.5	0.6	0.6	0.7	0.8	0.8	0.9	1	1.1	1.3	1.4	1.6	1.8	2	2.1	2.4	2.6	3	3.5	3.9	4.4	4.9	5.4	6.1	6.9	8	8.9	9.9	11.2	12	12.9	14.5	16.1	19.9	24.1	33.9	89.7
16224	42.08	12.21	0	20241101	0	266	0	0	0	0	0	0	0	0	0	0	0	0	0	0	0	0	0	0	0	0	0	0	0	0	0	0	0	0	0	0	0	0	0	0	0	0	0	0	0	0	0	0	0	0	0	0	0	0	0	0	0	0	0	0	0	0	0	0	0	0	0	0	0	0	0	0	0	0	0.2	0.2	0.2	0.2	0.2	0.2	0.2	0.2	0.4	0.4	0.6	0.8	1	1.4	1.6	2	2.4	3	3.2	3.8	4.6	5.4	6.6	7.6	9.4	11.8	12.6	14.6	17.8	21.2	24.6	35	118.2
16230	42.44	14.19	0	20241101	0	11	0	0	0	0	0	0	0	0	0	0	0	0	0	0	0	0	0	0	0	0	0	0	0	0	0	0	0	0	0	0	0	0	0	0	0	0	0	0	0	0	0	0	0	0	0	0	0	0	0	0	0	0	0	0	0	0	0	0	0	0	0	0	0	0	0	0	0	0	0	0	0	0	0	0	0	0	0	0	0	0.2	0.2	0.2	0.2	0.4	0.6	0.8	1	1	1.4	2	2	3	3.4	4	5.4	7	9	11.2	16.4	23.6	96
16231	42.42	14.21	0	20241101	0	181	0	0	0	0	0	0	0	0	0	0	0	0	0	0	0	0	0	0	0	0	0	0	0	0	0	0	0	0	0	0	0	0	0	0	0	0	0	0	0	0	0	0	0	0	0	0	0	0	0	0	0	0	0	0	0	0	0	0	0	0	0	0	0	0	0	0	0	0	0	0	0	0	0	0	0.2	0.2	0.2	0.2	0.4	0.4	0.4	0.6	0.8	1	1	1.4	1.8	2.2	2.4	2.8	3.4	4	4.8	5.8	7	8.6	10.6	13.8	19.4	25.8	128.2
16239	41.81	12.58	0	20241101	0	105	0	0	0	0	0	0	0	0	0	0	0	0	0	0	0	0	0	0	0	0	0	0	0	0	0	0	0	0	0	0	0	0	0	0	0	0	0	0	0	0	0	0	0	0	0	0	0	0	0	0	0	0	0	0	0	0	0	0	0	0	0	0	0	0	0	0	0	0	0	0	0	0	0.2	0.2	0.2	0.2	0.4	0.4	0.6	0.6	0.8	1	1	1.6	2	2	3	3	4	4.4	5	6	7	8	9	11.8	14	15.2	19.2	26	66
16242	41.8	12.24	0	20241101	0	3	0	0	0	0	0	0	0	0	0	0	0	0	0	0	0	0	0	0	0	0	0	0	0	0	0	0	0	0	0	0	0	0	0	0	0	0	0	0	0	0	0	0	0	0	0	0	0	0	0	0	0	0	0	0	0	0	0	0	0	0	0	0	0	0	0	0	0	0	0	0	0	0	0	0	0.2	0.2	0.2	0.2	0.2	0.2	0.4	0.4	0.6	0.8	1	1	1.2	2	2.4	3	3.4	4	4.8	5.8	7	8.2	12	15	19	24.2	90
16245	41.66	12.45	0	20241101	0	22	0	0	0	0	0	0	0	0	0	0	0	0	0	0	0	0	0	0	0	0	0	0	0	0	0	0	0	0	0	0	0	0	0	0	0	0	0	0	0	0	0	0	0	0	0	0	0	0	0	0	0	0	0	0	0	0	0	0	0	0	0	0	0	0	0	0	0	0	0	0	0	0	0	0	0	0	0	0	0	0	0	0	0	0	0	0	0	0	0	0	0	0	0	0	0	0	0	0	0	0	64
16253	41.06	14.08	0	20241101	0	10	0	0	0	0	0	0	0	0	0	0	0	0	0	0	0	0	0	0	0	0	0	0	0	0	0	0	0	0	0	0	0	0	0	0	0	0	0	0	0	0	0	0	0	0	0	0	0	0	0	0	0	0	0	0	0	0	0	0	0	0	0	0	0	0	0	0	0	0	0	0	0	0	0	0	0	0.1	0.1	0.1	0.2	0.3	0.4	0.6	0.8	1.2	1.4	2	2.3	2.8	3.4	4.2	5	6.4	7.7	9.1	11.2	13.4	16	21.2	28	37	107.4
16258	41.71	15.95	0	20241101	0	848	0	0	0	0	0	0	0	0	0	0	0	0	0	0	0	0	0	0	0	0	0	0	0	0	0	0	0	0	0	0	0	0	0	0	0	0	0	0	0	0	0	0	0	0	0	0	0	0	0	0	0	0	0	0	0	0	0	0	0	0	0	0	0	0	0	0	0	0.2	0.2	0.2	0.2	0.2	0.2	0.2	0.4	0.4	0.4	0.6	0.6	0.8	1	1.2	1.4	1.7	2	2.4	2.6	3.2	3.6	4	4.6	5.4	5.8	6.4	7.2	8.2	9	10.6	14.2	20.4	59.6
16261	41.54	15.71	0	20241101	0	60	0	0	0	0	0	0	0	0	0	0	0	0	0	0	0	0	0	0	0	0	0	0	0	0	0	0	0	0	0	0	0	0	0	0	0	0	0	0	0	0	0	0	0	0	0	0	0	0	0	0	0	0	0	0	0	0	0	0	0	0	0	0	0	0	0	0	0	0	0	0	0.2	0.2	0.2	0.2	0.2	0.2	0.2	0.2	0.4	0.4	0.4	0.6	0.8	1	1.2	1.6	1.8	2.2	2.4	3	3.4	4.4	5.2	6	7	8.6	9.8	11.8	15	20.8	68.1
16270	41.14	16.77	0	20241101	0	49	0	0	0	0	0	0	0	0	0	0	0	0	0	0	0	0	0	0	0	0	0	0	0	0	0	0	0	0	0	0	0	0	0	0	0	0	0	0	0	0	0	0	0	0	0	0	0	0	0	0	0	0	0	0	0	0	0	0	0	0	0	0	0	0	0	0	0	0	0	0	0	0	0	0	0	0	0.2	0.2	0.2	0.2	0.2	0.4	0.4	0.6	0.8	1	1	1.4	2	2	2.8	3	4	4.8	6	7	9	11.4	17	24.2	73
16280	40.91	12.96	0	20241101	0	185	0	0	0	0	0	0	0	0	0	0	0	0	0	0	0	0	0	0	0	0	0	0	0	0	0	0	0	0	0	0	0	0	0	0	0	0	0	0	0	0	0	0	0	0	0	0	0	0	0	0	0	0	0	0	0	0	0	0	0	0	0	0	0	0	0	0	0	0	0	0	0	0	0	0	0	0	0.1	0.1	0.2	0.4	0.5	0.6	0.9	1.2	1.6	2	2.4	3.2	4.4	5	6.2	6.8	8	9.4	10.8	13.6	16.5	25.2	39.5	133	990
16289	40.88	14.29	0	20241101	0	72	0	0	0	0	0	0	0	0	0	0	0	0	0	0	0	0	0	0	0	0	0	0	0	0	0	0	0	0	0	0	0	0	0	0	0	0	0	0	0	0	0	0	0	0	0	0	0	0	0	0	0	0	0	0	0	0	0	0	0	0	0	0	0	0	0	0	0	0	0	0.2	0.2	0.2	0.2	0.2	0.4	0.4	0.6	0.8	1	1	1	1.4	1.8	2	2.6	3	3.6	4	5	6	7	8	9	10.8	12.4	14	16	19.8	24.2	32	71
16294	40.56	14.2	0	20241101	0	161	0	0	0	0	0	0	0	0	0	0	0	0	0	0	0	0	0	0	0	0	0	0	0	0	0	0	0	0	0	0	0	0	0	0	0	0	0	0	0	0	0	0	0	0	0	0	0	0	0	0	0	0	0	0	0	0	0	0	0	0	0	0	0	0	0	0	0	0	0	0	0	0	0	0.1	0.1	0.2	0.2	0.4	0.6	0.8	1	1	1.4	1.6	2	2.4	3	3.4	4.2	4.8	5.6	6	8	9.4	11	12.2	14	17.2	23	31	197
16310	40.02	15.28	0	20241101	0	185	0	0	0	0	0	0	0	0	0	0	0	0	0	0	0	0	0	0	0	0	0	0	0	0	0	0	0	0	0	0	0	0	0	0	0	0	0	0	0	0	0	0	0	0	0	0	0	0	0	0	0	0	0	0	0	0	0	0	0	0	0	0	0	0	0	0	0	0	0	0	0	0	0	0	0	0	0	0	0	0	0	0	0	0	0	0	0	0	0	0	0	0	0	0	0	0	0	0	0	0	0
16312	40.77	16.94	0	20241101	0	352	0	0	0	0	0	0	0	0	0	0	0	0	0	0	0	0	0	0	0	0	0	0	0	0	0	0	0	0	0	0	0	0	0	0	0	0	0	0	0	0	0	0	0	0	0	0	0	0	0	0	0	0	0	0	0	0	0	0	0	0	0	0	0	0	0	0	0	0	0	0	0	0	0	0	0	0	0	0.1	0.1	0.2	0.2	0.4	0.4	0.7	0.8	1	1.4	1.5	1.8	2.2	2.8	3.4	4	5.2	6.4	8	10.2	12.3	16.2	27	88.4
16314	40.68	16.66	0	20241101	0	498	0	0	0	0	0	0	0	0	0	0	0	0	0	0	0	0	0	0	0	0	0	0	0	0	0	0	0	0	0	0	0	0	0	0	0	0	0	0	0	0	0	0	0	0	0	0	0	0	0	0	0	0	0	0	0	0	0	0	0	0	0	0	0	0	0.2	0.2	0.2	0.2	0.2	0.2	0.2	0.2	0.2	0.2	0.2	0.4	0.4	0.4	0.4	0.6	0.6	0.8	1	1.4	1.6	2	2	2.4	2.8	3.6	4	4.8	5.6	7.2	8	9.6	12	14	17.2	26.2	99.2
16320	40.66	17.95	0	20241101	0	10	0	0	0	0	0	0	0	0	0	0	0	0	0	0	0	0	0	0	0	0	0	0	0	0	0	0	0	0	0	0	0	0	0	0	0	0	0	0	0	0	0	0	0	0	0	0	0	0	0	0	0	0	0	0	0	0	0	0	0	0	0	0	0	0	0	0	0	0	0	0	0	0	0	0.2	0.2	0.2	0.2	0.2	0.4	0.4	0.6	0.8	1	1	1.4	2	2	2.2	3	4	4	5	5	6	7	8.2	10.2	12.8	15.6	26	111.8
16332	40.24	18.14	0	20241101	0	53	0	0	0	0	0	0	0	0	0	0	0	0	0	0	0	0	0	0	0	0	0	0	0	0	0	0	0	0	0	0	0	0	0	0	0	0	0	0	0	0	0	0	0	0	0	0	0	0	0	0	0	0	0	0	0	0	0	0	0	0	0	0	0	0	0	0	0	0	0	0	0	0	0	0	0	0	0.2	0.2	0.4	0.5	0.6	0.8	1	1.2	1.4	1.6	2	2.2	2.8	3.2	4	4.6	5.8	7	8	9.6	11.6	13.8	19	26.4	45.2
16344	39.33	16.4	0	20241101	0	1677	0	0	0	0	0	0	0	0	0	0	0	0	0	0	0	0	0	0	0	0	0	0	0	0	0	0	0	0	0	0	0	0	0	0	0	0	0	0	0	0	0	0	0	0	0	0	0	0	0	0	0	0	0	0	0	0	0	0	0	0	0	0	0	0	0	0	0	0.1	0.2	0.2	0.2	0.4	0.4	0.6	0.7	1	1.2	1.4	1.6	2	2.3	3	3.4	4	4.6	5.2	6	7.4	8.4	9.2	11	12.4	14	15.8	18	21.2	23.4	27.2	31.8	39	144.4
16362	38.91	16.24	0	20241101	0	16	0	0	0	0	0	0	0	0	0	0	0	0	0	0	0	0	0	0	0	0	0	0	0	0	0	0	0	0	0	0	0	0	0	0	0	0	0	0	0	0	0	0	0	0	0	0	0	0	0	0	0	0	0	0	0	0	0	0	0	0	0	0	0	0	0	0	0	0	0.2	0.2	0.2	0.2	0.2	0.4	0.4	0.6	0.8	1	1	1.4	2	2	2.6	3	3	3.2	4	4.6	5	6	7	8	9	11	12	13	16	19	22	30.4	56.2
16364	38.76	16.37	0	20241101	0	998	0	0	0	0	0	0	0	0	0	0	0	0	0	0	0	0	0	0	0	0	0	0	0	0	0	0	0	0	0	0	0	0	0	0	0	0	0	0	0	0	0	0	0	0	0	0	0	0	0	0	0	0	0	0	0	0	0	0	0	0	0	0	0	0	0	0.2	0.2	0.2	0.2	0.4	0.4	0.6	0.8	1	1.2	1.6	1.8	2	2.4	2.8	3.2	3.6	4.2	5	5.6	6.4	7.2	8	8.6	10	11.4	12.8	14	15.2	16.4	19.2	22.4	26.8	34.6	44.8	154.2
16405	38.18	13.1	0	20241101	0	34	0	0	0	0	0	0	0	0	0	0	0	0	0	0	0	0	0	0	0	0	0	0	0	0	0	0	0	0	0	0	0	0	0	0	0	0	0	0	0	0	0	0	0	0	0	0	0	0	0	0	0	0	0	0	0	0	0	0	0	0	0	0	0	0	0	0	0	0	0	0	0	0	0	0	0	0	0.2	0.2	0.2	0.4	0.4	0.6	0.8	1	1	1.2	1.8	2	2	2.6	3	4	5	5.2	7	8	9.6	13.4	18	23	56.8
16415	38.58	14.87	0	20241101	0	47	0	0	0	0	0	0	0	0	0	0	0	0	0	0	0	0	0	0	0	0	0	0	0	0	0	0	0	0	0	0	0	0	0	0	0	0	0	0	0	0	0	0	0	0	0	0	0	0	0	0	0	0	0	0	0	0	0	0	0	0	0	0	0	0	0	0	0	0	0	0	0.2	0.2	0.2	0.2	0.2	0.2	0.2	0.4	0.4	0.4	0.6	0.8	1	1.2	1.4	1.6	2	2.4	2.6	3	3.6	4.4	5.2	6	7.4	8.4	10	11.8	14.8	23	55.6
16416	38.8	15.23	0	20241101	0	77	0	0	0	0	0	0	0	0	0	0	0	0	0	0	0	0	0	0	0	0	0	0	0	0	0	0	0	0	0	0	0	0	0	0	0	0	0	0	0	0	0	0	0	0	0	0	0	0	0	0	0	0	0	0	0	0	0	0	0	0	0	0	0	0	0	0	0	0	0	0	0	0	0	0	0	0	0	0	0	0	0	0	0	0	0	0	0	0	0	0	0	0	0	0	0	0	0	0	0	0	0
16422	38.07	15.65	0	20241101	0	21	0	0	0	0	0	0	0	0	0	0	0	0	0	0	0	0	0	0	0	0	0	0	0	0	0	0	0	0	0	0	0	0	0	0	0	0	0	0	0	0	0	0	0	0	0	0	0	0	0	0	0	0	0	0	0	0	0	0	0	0	0	0	0	0	0	0	0	0.2	0.2	0.2	0.2	0.2	0.2	0.2	0.4	0.4	0.4	0.4	0.6	0.6	0.8	0.8	1	1	1.4	1.6	2	2	2.4	3	3.2	4	5	5.6	6.6	8	10.2	13.2	18	25	62
16429	37.91	12.49	0	20241101	0	9	0	0	0	0	0	0	0	0	0	0	0	0	0	0	0	0	0	0	0	0	0	0	0	0	0	0	0	0	0	0	0	0	0	0	0	0	0	0	0	0	0	0	0	0	0	0	0	0	0	0	0	0	0	0	0	0	0	0	0	0	0	0	0	0	0	0	0	0	0	0	0	0	0	0	0	0	0.1	0.1	0.1	0.1	0.2	0.2	0.3	0.4	0.6	0.8	1	1.2	1.6	1.8	2.4	2.9	3.6	4.4	5.4	6.4	7.4	8.2	10.8	16.8	70.4
16459	37.41	14.92	0	20241101	0	29	0	0	0	0	0	0	0	0	0	0	0	0	0	0	0	0	0	0	0	0	0	0	0	0	0	0	0	0	0	0	0	0	0	0	0	0	0	0	0	0	0	0	0	0	0	0	0	0	0	0	0	0	0	0	0	0	0	0	0	0	0	0	0	0	0	0	0	0	0	0	0	0	0	0	0	0	0	0	0	0	0	0	0	0.1	0.1	0.1	0.2	0.2	0.4	0.6	0.8	1.2	1.6	2.1	2.6	3.8	5	6.6	11	19	134.7
16460	37.47	15.06	0	20241101	0	17	0	0	0	0	0	0	0	0	0	0	0	0	0	0	0	0	0	0	0	0	0	0	0	0	0	0	0	0	0	0	0	0	0	0	0	0	0	0	0	0	0	0	0	0	0	0	0	0	0	0	0	0	0	0	0	0	0	0	0	0	0	0	0	0	0	0	0	0	0	0	0	0	0	0	0	0	0	0	0	0	0.2	0.2	0.2	0.2	0.4	0.4	0.6	0.8	1	1.2	1.8	2	3	4	5	6	8.4	11	16.4	30	120.4
16464	37.07	15.28	0	20241101	0	3	0	0	0	0	0	0	0	0	0	0	0	0	0	0	0	0	0	0	0	0	0	0	0	0	0	0	0	0	0	0	0	0	0	0	0	0	0	0	0	0	0	0	0	0	0	0	0	0	0	0	0	0	0	0	0	0	0	0	0	0	0	0	0	0	0	0	0	0	0	0	0	0	0	0	0	0	0	0	0	0	0	0	0	0	0	0	0	0	0	0	0	0	0	0	0	0	0	0	0	0.2	110
16520	40.63	8.29	0	20241101	0	40	0	0	0	0	0	0	0	0	0	0	0	0	0	0	0	0	0	0	0	0	0	0	0	0	0	0	0	0	0	0	0	0	0	0	0	0	0	0	0	0	0	0	0	0	0	0	0	0	0	0	0	0	0	0	0	0	0	0	0	0	0	0	0	0	0	0	0	0	0	0	0	0	0	0	0	0	0	0	0.2	0.2	0.2	0.2	0.2	0.2	0.4	0.6	1	1.4	2	3	3.2	4	5	6	7	8	10	12	15.6	25	64.2
16522	40.56	8.16	0	20241101	0	204	0	0	0	0	0	0	0	0	0	0	0	0	0	0	0	0	0	0	0	0	0	0	0	0	0	0	0	0	0	0	0	0	0	0	0	0	0	0	0	0	0	0	0	0	0	0	0	0	0	0	0	0	0	0	0	0	0	0	0	0	0	0	0	0	0	0	0	0	0	0	0	0	0	0	0	0	0	0	0	0.1	0.2	0.3	0.4	0.6	1	1	1.2	1.6	2	2.8	3	3.9	5	6	7.2	8.4	10.2	12.4	15.8	19.2	65.6
16531	40.9	9.52	0	20241101	0	13	0	0	0	0	0	0	0	0	0	0	0	0	0	0	0	0	0	0	0	0	0	0	0	0	0	0	0	0	0	0	0	0	0	0	0	0	0	0	0	0	0	0	0	0	0	0	0	0	0	0	0	0	0	0	0	0	0	0	0	0	0	0	0	0	0	0	0	0	0	0	0	0	0	0	0	0	0.2	0.2	0.2	0.2	0.2	0.2	0.2	0.4	0.6	0.8	1	1	1.4	2	2.2	3	3.2	4	5.2	7.2	9	11.4	15.8	24.8	98
16532	40.85	9.18	0	20241101	0	1364	0	0	0	0	0	0	0	0	0	0	0	0	0	0	0	0	0	0	0	0	0	0	0	0	0	0	0	0	0	0	0	0	0	0	0	0	0	0	0	0	0	0	0	0	0	0	0	0	0	0	0	0	0	0	0	0	0	0	0	0	0	0	0	0	0	0	0	0	0	0	0	0	0	0	0	0	0	0	0	0	0	0	0	0	0	0	0	0	0	0	0	0	0	0	0	0.4	0.7	1.4	2.9	4.3	110.9
16546	39.35	8.97	0	20241101	0	24	0	0	0	0	0	0	0	0	0	0	0	0	0	0	0	0	0	0	0	0	0	0	0	0	0	0	0	0	0	0	0	0	0	0	0	0	0	0	0	0	0	0	0	0	0	0	0	0	0	0	0	0	0	0	0	0	0	0	0	0	0	0	0	0	0	0	0	0	0	0	0	0	0	0	0	0	0	0	0	0	0.1	0.1	0.1	0.2	0.3	0.4	0.6	0.8	1	1.4	1.7	2.2	2.8	3.4	4.4	5.2	6.2	8.6	11.2	19.4	40
16550	39.93	9.71	0	20241101	0	150	0	0	0	0	0	0	0	0	0	0	0	0	0	0	0	0	0	0	0	0	0	0	0	0	0	0	0	0	0	0	0	0	0	0	0	0	0	0	0	0	0	0	0	0	0	0	0	0	0	0	0	0	0	0	0	0	0	0	0	0	0	0	0	0	0	0	0	0	0	0	0	0	0	0	0	0	0	0	0	0	0	0	0.1	0.2	0.2	0.2	0.4	0.5	0.7	0.8	1.2	1.4	2.2	3	3.8	5.2	7.6	9.4	12.4	18.2	990
16560	39.24	9.06	0	20241101	0	2	0	0	0	0	0	0	0	0	0	0	0	0	0	0	0	0	0	0	0	0	0	0	0	0	0	0	0	0	0	0	0	0	0	0	0	0	0	0	0	0	0	0	0	0	0	0	0	0	0	0	0	0	0	0	0	0	0	0	0	0	0	0	0	0	0	0	0	0	0	0	0	0.2	0.2	0.2	0.2	0.2	0.2	0.2	0.2	0.2	0.2	0.4	0.4	0.6	0.8	1	1	1.2	1.8	2	2.4	3	3.4	4	5	6	7.8	9	12	16	73
36000138	45.87583	18.47028	0	20241101	0	103	0	0	0	0	0	0	0	0	0	0	0	0	0	0	0	0	0	0	0	0	0	0	0	0	0	0	0	0	0	0	0	0	0	0	0	0	0	0	0	0	0	0	0	0	0	0	0	0	0	0	0	0	0	0	0	0	0	0	0	0	0	0	0	0	0	0	0.1	0.1	0.1	0.2	0.2	0.2	0.3	0.4	0.5	0.6	0.8	0.9	1.1	1.3	1.5	1.7	2	2.4	2.7	2.9	3.2	3.6	4	4.9	5.3	6.7	7.7	8.7	9.7	11.7	13.1	16.6	19.6	24.4	38.6
60360	36.82	7.81	0	20241101	0	8	0	0	0	0	0	0	0	0	0	0	0	0	0	0	0	0	0	0	0	0	0	0	0	0	0	0	0	0	0	0	0	0	0	0	0	0	0	0	0	0	0	0	0	0	0	0	0	0	0	0	0	0	0	0	0	0	0	0	0	0	0	0	0	0	0	0	0	0	0	0	0	0	0	0.2	0.2	0.2	0.2	0.2	0.4	0.4	0.6	0.8	1	1	1.2	1.6	2	2.8	3.2	4	5	5.4	6	7	8	9.8	11	13.2	18.8	24	87.8
60419	36.28	6.62	0	20241101	0	692	0	0	0	0	0	0	0	0	0	0	0	0	0	0	0	0	0	0	0	0	0	0	0	0	0	0	0	0	0	0	0	0	0	0	0	0	0	0	0	0	0	0	0	0	0	0	0	0	0	0	0	0	0	0	0	0	0	0	0	0	0	0	0	0	0	0	0	0	0	0	0	0	0	0	0	0	0	0.2	0.2	0.2	0.4	0.4	0.6	0.8	1	1	1	1.4	2	2.2	3	3	3.8	4.6	5.6	6.6	7.6	9	12.2	19	67
6603	46.47	6.82	0	20241101	0	405	0	0	0	0	0	0	0	0	0	0	0	0	0	0	0	0	0	0	0	0	0	0	0	0	0	0	0	0	0	0	0	0	0	0	0	0	0	0	0	0	0	0	0	0	0	0	0	0	0	0	0	0	0	0	0	0	0	0.1	0.1	0.1	0.2	0.3	0.4	0.4	0.6	0.7	0.8	0.9	1.1	1.3	1.4	1.7	1.9	2.2	2.4	2.6	2.9	3.3	3.6	4.1	4.4	4.8	5.4	5.9	6.4	7	7.6	8.3	9.4	10.5	11.5	12.3	13.5	14.7	16	17.7	19.5	22.9	25.9	31.7	74.6
6604	47	6.95	0	20241101	0	485	0	0	0	0	0	0	0	0	0	0	0	0	0	0	0	0	0	0	0	0	0	0	0	0	0	0	0	0	0	0	0	0	0	0	0	0	0	0	0	0	0	0	0	0	0	0	0	0	0	0	0	0	0	0	0.1	0.1	0.1	0.1	0.1	0.2	0.2	0.3	0.4	0.4	0.5	0.6	0.7	0.8	1	1.1	1.2	1.4	1.6	1.8	2	2.1	2.4	2.6	2.8	3.1	3.5	3.8	4.1	4.7	5.1	5.6	6.3	6.8	7.6	8.4	9.3	10.2	10.9	12.1	13.3	15.1	17.6	19.3	23	29.8	61.3
6609	46.55	7.02	0	20241101	0	1976	0	0	0	0	0	0	0	0	0	0	0	0	0	0	0	0	0	0	0	0	0	0	0	0	0	0	0	0	0	0	0	0	0	0	0	0	0	0	0	0	0	0	0	0	0	0	0	0	0	0	0	0.1	0.1	0.1	0.1	0.1	0.2	0.2	0.3	0.4	0.4	0.6	0.7	0.7	0.9	1	1.1	1.2	1.4	1.5	1.7	2	2.1	2.4	2.7	2.9	3.1	3.5	3.8	4.1	4.4	4.7	5	5.6	6.3	6.6	7.1	7.7	8.3	9	9.7	10.6	11.5	12.4	13.4	15.2	17.5	19.6	22.8	26.7	51.8
6610	46.81	6.94	0	20241101	0	490	0	0	0	0	0	0	0	0	0	0	0	0	0	0	0	0	0	0	0	0	0	0	0	0	0	0	0	0	0	0	0	0	0	0	0	0	0	0	0	0	0	0	0	0	0	0	0	0	0	0	0	0	0	0	0	0	0	0.1	0.1	0.1	0.1	0.2	0.2	0.3	0.4	0.5	0.6	0.6	0.7	0.9	1	1.1	1.3	1.5	1.6	1.9	2.1	2.3	2.5	2.8	3.1	3.5	3.8	4.2	4.7	5.2	5.6	6.3	6.7	7.7	8.4	9.4	10.5	11.4	12.4	14.5	16.6	19.3	23.7	27.6	53
6613	46.6	7.66	0	20241101	0	756	0	0	0	0	0	0	0	0	0	0	0	0	0	0	0	0	0	0	0	0	0	0	0	0	0	0	0	0	0	0	0	0	0	0	0	0	0	0	0	0	0	0	0	0	0	0	0	0	0	0	0	0	0	0.1	0.1	0.2	0.2	0.3	0.3	0.4	0.4	0.5	0.6	0.7	0.9	1	1.1	1.3	1.4	1.6	1.9	2.1	2.3	2.7	2.9	3.3	3.6	4	4.4	4.6	5	5.3	5.9	6.3	6.8	7.2	7.6	8.3	9.1	9.8	10.3	11	11.8	13.1	14.3	15.7	17.6	20	23.9	31.7	60.6
6614	46.12	7.02	0	20241101	0	990	0	0	0	0	0	0	0	0	0	0	0	0	0	0	0	0	0	0	0	0	0	0	0	0	0	0	0	0	0	0	0	0	0	0	0	0	0	0	0	0	0	0	0	0	0	0	0	0	0	0	0	0	0.1	0.1	0.2	0.2	0.2	0.3	0.3	0.3	0.4	0.4	0.5	0.6	0.8	0.9	1.2	1.3	1.6	1.9	2	2.3	2.5	2.7	3.1	3.3	3.9	4.4	4.8	5.1	5.7	6.2	6.6	7	7.6	8.1	9.1	9.6	10.6	11.2	12.3	13.9	15	17.2	19.1	20.5	24.9	28.5	36.3	42.1	80.1
6615	46.07	7.23	0	20241101	0	840	0	0	0	0	0	0	0	0	0	0	0	0	0	0	0	0	0	0	0	0	0	0	0	0	0	0	0	0	0	0	0	0	0	0	0	0	0	0	0	0	0	0	0	0	0	0	0	0	0	0	0	0	0	0	0	0	0	0.1	0.1	0.1	0.2	0.2	0.2	0.2	0.3	0.4	0.5	0.6	0.8	0.9	1	1.1	1.2	1.4	1.5	1.7	1.9	2.1	2.3	2.6	3	3.2	3.6	4	4.2	4.6	5.1	5.9	6.3	7.1	7.5	8.1	8.9	10.2	11.1	13.3	15.3	17.5	20.5	27.6	40.3
6617	46.98	6.61	0	20241101	0	1051	0	0	0	0	0	0	0	0	0	0	0	0	0	0	0	0	0	0	0	0	0	0	0	0	0	0	0	0	0	0	0	0	0	0	0	0	0	0	0	0	0	0	0	0	0	0	0	0	0.1	0.1	0.1	0.1	0.2	0.2	0.3	0.4	0.5	0.6	0.7	0.8	0.9	1.1	1.2	1.4	1.6	1.8	2	2.2	2.4	2.7	2.9	3.2	3.5	3.7	3.9	4.2	4.4	4.8	5.2	5.6	6.1	6.8	7.2	7.5	8.1	8.7	9.5	10	10.5	11.6	12.2	13	14.2	15.7	17.6	18.9	21.4	22.8	25.4	29.3	54.8
6618	46.74	6.57	0	20241101	0	438	0	0	0	0	0	0	0	0	0	0	0	0	0	0	0	0	0	0	0	0	0	0	0	0	0	0	0	0	0	0	0	0	0	0	0	0	0	0	0	0	0	0	0	0	0	0	0	0	0	0	0	0	0	0	0	0	0.1	0.1	0.1	0.1	0.1	0.2	0.2	0.3	0.4	0.4	0.5	0.6	0.7	0.8	0.9	1	1.2	1.3	1.5	1.6	1.8	2	2.2	2.4	2.7	3.1	3.4	3.7	4	4.5	5.1	5.7	6.2	6.8	7.3	8.4	9.2	10.1	11.9	12.7	14.8	17.4	20.2	28	61.7
6619	46.84	6.58	0	20241101	0	1207	0	0	0	0	0	0	0	0	0	0	0	0	0	0	0	0	0	0	0	0	0	0	0	0	0	0	0	0	0	0	0	0	0	0	0	0	0	0	0	0	0	0	0	0	0	0	0	0	0	0	0	0	0	0.1	0.1	0.2	0.2	0.3	0.4	0.5	0.5	0.6	0.8	0.9	1	1.3	1.5	1.7	1.9	2.1	2.3	2.5	2.8	3	3.3	3.7	4.2	4.5	4.8	5.2	5.6	5.8	6.5	7	7.6	8.4	9	9.7	10.4	11.3	12.5	13.4	14.3	15.5	16.9	18.8	20.6	23.5	29.1	32.7	65
6625	46.77	7.11	0	20241101	0	651	0	0	0	0	0	0	0	0	0	0	0	0	0	0	0	0	0	0	0	0	0	0	0	0	0	0	0	0	0	0	0	0	0	0	0	0	0	0	0	0	0	0	0	0	0	0	0	0	0	0	0	0	0	0	0	0.1	0.1	0.1	0.1	0.2	0.2	0.2	0.3	0.4	0.5	0.6	0.7	0.8	0.9	1	1.1	1.3	1.4	1.6	1.8	2	2.3	2.6	2.9	3.2	3.7	4.2	4.6	4.9	5.6	6.1	6.5	7.1	7.5	8.1	8.9	9.7	10.8	12.2	13.2	15	17.2	19.9	23.4	30.2	66.4
6627	46.48	7.14	0	20241101	0	1029	0	0	0	0	0	0	0	0	0	0	0	0	0	0	0	0	0	0	0	0	0	0	0	0	0	0	0	0	0	0	0	0	0	0	0	0	0	0	0	0	0	0	0	0	0	0	0	0	0	0	0	0	0	0	0.1	0.1	0.2	0.3	0.3	0.4	0.6	0.7	0.8	0.9	1.1	1.3	1.5	1.8	2	2.2	2.5	2.8	3	3.3	3.7	4.1	4.5	4.8	5.1	5.5	6	6.7	7.2	7.7	8.5	8.9	9.6	10.3	11	11.8	12.5	13.7	14.9	16.4	17.6	19.5	21.5	23.4	25.9	30.9	67.9
6628	46.75	7.27	0	20241101	0	1044	0	0	0	0	0	0	0	0	0	0	0	0	0	0	0	0	0	0	0	0	0	0	0	0	0	0	0	0	0	0	0	0	0	0	0	0	0	0	0	0	0	0	0	0	0	0	0	0	0	0	0	0	0	0.1	0.1	0.1	0.2	0.3	0.3	0.4	0.5	0.6	0.7	0.9	1	1.2	1.4	1.6	1.7	1.9	2.1	2.3	2.5	2.8	3.3	3.6	3.9	4.2	4.5	4.8	5.3	6.1	6.7	7.2	7.8	8.5	8.9	9.5	10.7	11.8	12.8	14.1	15.6	16.7	18	20.1	22.7	25.2	29.8	34.8	83.2
6631	46.99	7.46	0	20241101	0	554	0	0	0	0	0	0	0	0	0	0	0	0	0	0	0	0	0	0	0	0	0	0	0	0	0	0	0	0	0	0	0	0	0	0	0	0	0	0	0	0	0	0	0	0	0	0	0	0	0	0	0	0	0	0	0.1	0.1	0.1	0.1	0.2	0.3	0.3	0.4	0.4	0.5	0.6	0.7	0.9	1	1.2	1.4	1.5	1.7	2	2.2	2.5	2.8	3	3.3	3.6	4.1	4.3	4.8	5.3	5.8	6.1	6.7	7.1	8.2	8.8	9.3	10	10.7	11.3	12.5	13.7	14.4	16.9	18.9	23.4	28	53.1
6636	46.97	7.28	0	20241101	0	481	0	0	0	0	0	0	0	0	0	0	0	0	0	0	0	0	0	0	0	0	0	0	0	0	0	0	0	0	0	0	0	0	0	0	0	0	0	0	0	0	0	0	0	0	0	0	0	0	0	0	0	0	0	0	0	0.1	0.1	0.1	0.2	0.2	0.3	0.4	0.4	0.6	0.6	0.7	0.9	1	1.1	1.3	1.5	1.7	1.9	2	2.3	2.6	2.9	3.3	3.5	3.9	4.3	4.9	5.2	5.4	5.7	6.1	6.8	7.3	8	9	9.8	10.6	11.2	12.7	13.6	15	16.7	19.2	23	28	50.4
6637	46.73	8.17	0	20241101	0	589	0	0	0	0	0	0	0	0	0	0	0	0	0	0	0	0	0	0	0	0	0	0	0	0	0	0	0	0	0	0	0	0	0	0	0	0	0	0	0	0	0	0	0	0	0	0	0	0	0	0	0	0	0	0.1	0.1	0.2	0.2	0.3	0.4	0.6	0.6	0.9	1	1.1	1.3	1.5	1.7	1.9	2.1	2.5	2.7	3	3.2	3.5	3.8	4.1	4.4	4.8	5.2	5.5	6	6.4	6.8	7.2	7.7	8.2	8.8	9.4	10.1	10.8	11.6	12.3	13.5	14.4	15.7	18.4	20.6	23	27.3	33.7	80.2
6638	46.94	7.81	0	20241101	0	745	0	0	0	0	0	0	0	0	0	0	0	0	0	0	0	0	0	0	0	0	0	0	0	0	0	0	0	0	0	0	0	0	0	0	0	0	0	0	0	0	0	0	0	0	0	0	0	0	0	0	0	0	0.1	0.1	0.1	0.2	0.3	0.3	0.4	0.6	0.7	0.9	1	1.2	1.4	1.6	1.8	2	2.2	2.4	2.7	2.9	3.1	3.4	3.6	3.9	4.1	4.4	4.7	5.1	5.7	6.1	6.7	7.5	8.1	8.7	9.2	10	10.7	11.2	11.7	12.6	14.1	15.3	16.6	18.8	21.3	23	27.4	32.3	58.8
6639	47	7.94	0	20241101	0	1405	0	0	0	0	0	0	0	0	0	0	0	0	0	0	0	0	0	0	0	0	0	0	0	0	0	0	0	0	0	0	0	0	0	0	0	0	0	0	0	0	0	0	0	0	0	0	0	0.1	0.1	0.1	0.2	0.3	0.4	0.4	0.5	0.6	0.8	0.9	1.1	1.3	1.5	1.7	2	2.2	2.6	3	3.3	3.6	3.9	4.1	4.4	4.8	5.2	5.7	6.2	6.5	7.1	7.6	8.1	8.5	9.1	9.6	10.2	10.8	11.4	12.1	13	13.9	14.7	15.8	16.9	17.6	18.7	19.8	20.8	22.4	24.9	27.9	31.2	40	111.7
6640	46.66	7.07	0	20241101	0	715	0	0	0	0	0	0	0	0	0	0	0	0	0	0	0	0	0	0	0	0	0	0	0	0	0	0	0	0	0	0	0	0	0	0	0	0	0	0	0	0	0	0	0	0	0	0	0	0	0	0	0	0	0	0	0	0.1	0.1	0.1	0.2	0.2	0.3	0.4	0.5	0.7	0.8	0.9	1	1.2	1.4	1.6	1.8	2	2.2	2.5	2.8	3.1	3.4	3.6	4	4.4	4.6	5.1	5.7	6.1	6.5	7.1	8	8.9	9.6	10.3	11.3	12.2	13	14	15.3	16.7	18.9	21.1	24.1	32.1	66.9
6642	46.63	9.75	0	20241101	0	1408	0	0	0	0	0	0	0	0	0	0	0	0	0	0	0	0	0	0	0	0	0	0	0	0	0	0	0	0	0	0	0	0	0	0	0	0	0	0	0	0	0	0	0	0	0	0	0	0	0	0	0	0	0	0	0	0	0	0.1	0.1	0.2	0.2	0.2	0.3	0.3	0.4	0.5	0.6	0.6	0.7	0.8	0.9	1	1.2	1.3	1.5	1.7	1.9	2.1	2.3	2.6	2.8	3.2	3.5	3.8	4.1	4.7	4.9	5.3	5.8	6.8	7.4	8.3	9	10	11.2	13.2	14.8	19.2	22.1	29.3	66
6651	46.95	8.01	0	20241101	0	745	0	0	0	0	0	0	0	0	0	0	0	0	0	0	0	0	0	0	0	0	0	0	0	0	0	0	0	0	0	0	0	0	0	0	0	0	0	0	0	0	0	0	0	0	0	0	0	0	0	0	0.1	0.1	0.1	0.2	0.2	0.3	0.4	0.5	0.7	0.9	1	1.1	1.3	1.5	1.6	1.8	2	2.3	2.6	2.8	3	3.3	3.5	3.8	4.1	4.4	5	5.4	5.6	5.9	6.4	7	7.5	8	8.6	9.1	9.6	10.3	11	11.8	12.6	13.5	14.3	15.5	17.2	19.3	23.1	25.4	28.2	33.8	69
6652	46.89	8.02	0	20241101	0	940	0	0	0	0	0	0	0	0	0	0	0	0	0	0	0	0	0	0	0	0	0	0	0	0	0	0	0	0	0	0	0	0	0	0	0	0	0	0	0	0	0	0	0	0	0	0	0	0	0.1	0.1	0.2	0.2	0.2	0.3	0.3	0.4	0.5	0.7	0.8	1	1.2	1.3	1.5	1.7	1.9	2.3	2.7	3.1	3.4	3.8	4.1	4.6	5	5.4	5.8	6.2	6.7	7.1	7.5	7.9	8.3	8.8	9.1	9.7	10.6	11.2	12	12.8	13.4	14.4	15.5	17	17.7	19.4	21.2	23.1	25.6	28.9	33.9	43.9	81
6653	47	8.52	0	20241101	0	521	0	0	0	0	0	0	0	0	0	0	0	0	0	0	0	0	0	0	0	0	0	0	0	0	0	0	0	0	0	0	0	0	0	0	0	0	0	0	0	0	0	0	0	0	0	0	0	0	0	0.1	0.1	0.2	0.2	0.3	0.3	0.4	0.5	0.6	0.7	0.8	1	1.2	1.4	1.6	1.8	2.1	2.4	2.8	3	3.3	3.6	4	4.5	4.7	5.1	5.6	6.3	7.1	7.5	8	8.4	8.9	9.4	10.1	10.5	11.2	12.1	12.8	13.7	14.5	15.8	16.8	17.6	19.5	21.2	23.8	25.9	29.1	34.1	46.2	85
6654	46.2	8.06	0	20241101	0	1466	0	0	0	0	0	0	0	0	0	0	0	0	0	0	0	0	0	0	0	0	0	0	0	0	0	0	0	0	0	0	0	0	0	0	0	0	0	0	0	0	0	0	0	0	0	0	0	0	0	0	0	0.1	0.1	0.1	0.1	0.1	0.1	0.2	0.2	0.2	0.3	0.3	0.4	0.4	0.5	0.6	0.6	0.7	0.8	1	1.1	1.2	1.4	1.6	1.8	2	2.2	2.4	2.6	2.9	3.3	3.5	3.9	4.1	4.5	4.9	5.5	6	6.5	7	7.7	8.5	9.6	10.7	12.3	14	16.3	22.5	29.1	37.3	155.7
6655	46.82	8.41	0	20241101	0	1037	0	0	0	0	0	0	0	0	0	0	0	0	0	0	0	0	0	0	0	0	0	0	0	0	0	0	0	0	0	0	0	0	0	0	0	0	0	0	0	0	0	0	0	0	0	0	0	0.1	0.1	0.1	0.2	0.2	0.3	0.5	0.5	0.7	0.7	0.8	1.1	1.2	1.4	1.6	1.8	2	2.3	2.5	2.7	3	3.2	3.4	3.7	4.2	4.5	4.8	5.3	5.7	6.1	6.6	7.1	7.6	7.9	8.5	9	9.4	10	10.6	11.2	12.2	13	13.5	14.3	15.3	16.6	17.8	19.8	21.9	24.3	27	30.3	39	70.1
6656	46.74	8.06	0	20241101	0	568	0	0	0	0	0	0	0	0	0	0	0	0	0	0	0	0	0	0	0	0	0	0	0	0	0	0	0	0	0	0	0	0	0	0	0	0	0	0	0	0	0	0	0	0	0	0	0	0	0	0	0	0	0	0.1	0.1	0.1	0.2	0.3	0.4	0.5	0.6	0.8	0.9	1.1	1.2	1.5	1.7	1.9	2	2.2	2.5	2.7	3	3.2	3.6	4	4.2	4.4	4.7	5.1	5.6	5.9	6.3	6.8	7.3	7.7	8.4	9.1	9.8	10.5	11.2	11.8	12.7	13.9	14.9	16.4	18.8	21	27.1	31.8	63.6
6657	46.85	8.19	0	20241101	0	472	0	0	0	0	0	0	0	0	0	0	0	0	0	0	0	0	0	0	0	0	0	0	0	0	0	0	0	0	0	0	0	0	0	0	0	0	0	0	0	0	0	0	0	0	0	0	0	0	0	0	0	0	0.1	0.1	0.1	0.2	0.3	0.4	0.5	0.6	0.7	0.8	0.9	1.1	1.2	1.3	1.5	1.7	1.9	2.2	2.4	2.6	3	3.2	3.5	3.7	3.9	4.1	4.5	4.8	5.3	5.6	6	6.6	7.1	7.6	8.2	8.8	9.3	9.8	10.4	11.3	12.3	13.2	14.5	16.3	17.8	20.9	25.4	31.7	75.4
6659	46.98	8.25	0	20241101	0	2104	0	0	0	0	0	0	0	0	0	0	0	0	0	0	0	0	0	0	0	0	0	0	0	0	0	0	0	0	0	0	0	0	0	0	0	0	0	0	0	0	0	0	0	0	0.1	0.1	0.1	0.2	0.2	0.3	0.3	0.4	0.5	0.6	0.7	0.9	1	1.1	1.3	1.5	1.7	1.9	2.1	2.2	2.6	2.8	3.1	3.5	3.9	4.3	4.8	5.2	5.6	6.1	6.4	6.7	7.1	7.6	8	8.5	8.9	9.8	10.3	10.9	11.5	12.3	12.6	13.4	14.2	15.2	16.3	17.4	19	20.5	21.8	24.2	25.8	29.5	34.3	42.3	68.5
6663	46.63	9.19	0	20241101	0	1242	0	0	0	0	0	0	0	0	0	0	0	0	0	0	0	0	0	0	0	0	0	0	0	0	0	0	0	0	0	0	0	0	0	0	0	0	0	0	0	0	0	0	0	0	0	0	0	0	0	0	0	0	0	0	0	0.1	0.1	0.1	0.2	0.2	0.2	0.3	0.3	0.4	0.4	0.5	0.6	0.7	0.8	1	1.1	1.2	1.3	1.5	1.7	1.8	2	2.1	2.3	2.6	2.9	3.2	3.5	4.2	4.5	5.1	5.7	6.4	7.1	7.7	8.2	9.8	11.1	12.6	13.8	15.6	17	20	25.1	36.8	126.8
6668	46.69	8.6	0	20241101	0	951	0	0	0	0	0	0	0	0	0	0	0	0	0	0	0	0	0	0	0	0	0	0	0	0	0	0	0	0	0	0	0	0	0	0	0	0	0	0	0	0	0	0	0	0	0	0	0	0	0.1	0.1	0.1	0.2	0.2	0.3	0.3	0.4	0.5	0.6	0.6	0.7	0.8	1	1.1	1.1	1.4	1.5	1.7	2	2.2	2.3	2.5	2.8	3	3.4	3.7	3.9	4.1	4.4	4.8	5	5.3	5.8	6.2	6.6	7	7.6	8.2	8.8	9.3	10.3	11	12	12.9	14.6	16	18	20.7	23.1	30.5	40.6	87
6672	46.89	8.62	0	20241101	0	440	0	0	0	0	0	0	0	0	0	0	0	0	0	0	0	0	0	0	0	0	0	0	0	0	0	0	0	0	0	0	0	0	0	0	0	0	0	0	0	0	0	0	0	0	0	0	0	0	0	0	0	0	0	0.1	0.1	0.1	0.2	0.3	0.4	0.5	0.6	0.8	0.9	1	1.1	1.3	1.4	1.6	1.8	2	2.2	2.5	2.6	2.9	3.2	3.5	3.8	4	4.4	4.8	5	5.4	5.8	6.3	7	7.4	8	8.3	8.8	9.3	10.4	11.3	12.9	14.5	15.8	17.4	18.8	21	25.5	29.6	72.7
6682	46.92	9.18	0	20241101	0	958	0	0	0	0	0	0	0	0	0	0	0	0	0	0	0	0	0	0	0	0	0	0	0	0	0	0	0	0	0	0	0	0	0	0	0	0	0	0	0	0	0	0	0	0	0	0	0	0	0.1	0.1	0.1	0.2	0.3	0.4	0.5	0.7	0.9	1	1.2	1.3	1.5	1.8	2	2.1	2.3	2.6	2.8	3.1	3.3	3.7	4	4.2	4.5	4.9	5.2	5.6	5.9	6.4	6.9	7.2	7.6	8.1	8.5	9.1	9.8	10.3	11	11.7	12.8	13.1	13.9	15.3	16.9	18.5	19.9	21.4	23.3	27.4	32.6	45.5	105.5
6695	46.63	8.58	0	20241101	0	1439	0	0	0	0	0	0	0	0	0	0	0	0	0	0	0	0	0	0	0	0	0	0	0	0	0	0	0	0	0	0	0	0	0	0	0	0	0	0	0	0	0	0	0	0	0	0	0	0	0	0	0	0.1	0.1	0.1	0.2	0.2	0.3	0.4	0.4	0.5	0.6	0.6	0.7	0.8	0.9	1	1.1	1.2	1.3	1.5	1.6	1.8	2	2.2	2.4	2.6	2.9	3.1	3.4	3.7	4.1	4.3	4.5	4.7	5.3	5.7	6.1	6.6	7.2	8	8.4	9.4	10.9	12.5	13.8	16.2	18.2	21.3	28.2	37.7	117.5
6700	46.25	6.13	0	20241101	0	412	0	0	0	0	0	0	0	0	0	0	0	0	0	0	0	0	0	0	0	0	0	0	0	0	0	0	0	0	0	0	0	0	0	0	0	0	0	0	0	0	0	0	0	0	0	0	0	0	0	0	0	0	0	0	0	0	0	0	0	0	0.1	0.1	0.1	0.2	0.2	0.3	0.4	0.4	0.5	0.6	0.8	0.9	1	1.1	1.3	1.5	1.7	2	2.3	2.6	2.8	3.2	3.7	4	4.3	4.7	5.2	5.7	6.3	6.9	7.8	8.7	9.7	11.3	12.2	14.4	16.2	19.1	23	29.4	49.8
6702	46.42	6.1	0	20241101	0	1671	0	0	0	0	0	0	0	0	0	0	0	0	0	0	0	0	0	0	0	0	0	0	0	0	0	0	0	0	0	0	0	0	0	0	0	0	0	0	0	0	0	0	0	0	0	0	0	0	0	0	0	0.1	0.1	0.2	0.3	0.4	0.4	0.6	0.7	0.9	1	1.2	1.5	1.7	1.9	2.3	2.5	2.8	3.1	3.4	3.8	4.3	4.7	5.4	5.9	6.5	6.8	7.4	7.9	8.6	9.5	10.3	11.1	12	12.6	13.5	14.3	15.6	16.2	17.4	18.4	19.8	21.4	23.1	25.8	28.1	31.4	36.2	42	52.9	98.3
6703	46.67	6.31	0	20241101	0	1046	0	0	0	0	0	0	0	0	0	0	0	0	0	0	0	0	0	0	0	0	0	0	0	0	0	0	0	0	0	0	0	0	0	0	0	0	0	0	0	0	0	0	0	0	0	0	0	0	0	0.1	0.1	0.1	0.2	0.2	0.2	0.3	0.3	0.4	0.5	0.6	0.7	0.8	1	1.1	1.2	1.4	1.7	1.9	2.1	2.2	2.6	2.8	3	3.4	3.7	3.9	4.3	4.5	4.9	5.2	5.6	6	6.5	6.9	7.3	7.7	8.3	9	9.7	10.8	11.5	12.6	13.8	15.4	17.1	18.6	21.1	23.4	27.5	32.8	55.4
6704	46.52	6.34	0	20241101	0	684	0	0	0	0	0	0	0	0	0	0	0	0	0	0	0	0	0	0	0	0	0	0	0	0	0	0	0	0	0	0	0	0	0	0	0	0	0	0	0	0	0	0	0	0	0	0	0	0	0	0	0	0	0	0	0	0	0	0	0	0.1	0.1	0.1	0.2	0.3	0.4	0.5	0.7	0.7	0.9	1	1.2	1.3	1.4	1.7	1.9	2.2	2.6	2.9	3.2	3.5	3.9	4.3	4.7	5.2	5.7	6.2	6.8	7.6	8.3	8.9	9.9	11.5	12.5	13.8	15.3	18.2	19.6	21.8	26.7	34.6	60.6
6705	46.4	6.23	0	20241101	0	460	0	0	0	0	0	0	0	0	0	0	0	0	0	0	0	0	0	0	0	0	0	0	0	0	0	0	0	0	0	0	0	0	0	0	0	0	0	0	0	0	0	0	0	0	0	0	0	0	0	0	0	0	0	0	0	0	0	0	0	0	0.1	0.1	0.1	0.2	0.2	0.4	0.5	0.6	0.7	0.9	1.1	1.2	1.4	1.6	1.8	2	2.4	2.7	3	3.2	3.5	3.9	4.3	4.6	5.3	6	6.6	7	7.5	8.6	9.6	10.2	11.3	12.6	14.4	16.1	18.1	21.9	25.6	31.6	68.7
6707	46.62	6.71	0	20241101	0	859	0	0	0	0	0	0	0	0	0	0	0	0	0	0	0	0	0	0	0	0	0	0	0	0	0	0	0	0	0	0	0	0	0	0	0	0	0	0	0	0	0	0	0	0	0	0	0	0	0	0	0	0	0	0	0.1	0.1	0.1	0.1	0.2	0.2	0.3	0.3	0.4	0.5	0.6	0.6	0.8	1	1.2	1.3	1.7	1.9	2.3	2.7	3.1	3.5	3.8	4	4.3	4.9	5.4	5.9	6.4	6.9	7.3	7.7	8.6	9.4	10	10.8	11.6	12.6	13.9	15.2	16.6	18.1	21.4	23.5	28.1	32.5	59.4
6708	46.57	6.86	0	20241101	0	829	0	0	0	0	0	0	0	0	0	0	0	0	0	0	0	0	0	0	0	0	0	0	0	0	0	0	0	0	0	0	0	0	0	0	0	0	0	0	0	0	0	0	0	0	0	0	0	0	0	0	0	0	0	0	0	0.1	0.1	0.1	0.2	0.2	0.3	0.4	0.5	0.6	0.7	0.8	1	1.1	1.4	1.6	1.8	1.9	2.1	2.4	2.6	2.9	3.3	3.6	3.9	4.4	4.7	5.1	5.6	6.2	6.8	7.6	8.1	9.1	9.6	10.6	12	13	14.1	15.3	17.5	19.2	21.6	24.8	29.8	34.6	65.7
6711	46.51	6.67	0	20241101	0	457	0	0	0	0	0	0	0	0	0	0	0	0	0	0	0	0	0	0	0	0	0	0	0	0	0	0	0	0	0	0	0	0	0	0	0	0	0	0	0	0	0	0	0	0	0	0	0	0	0	0	0	0	0	0	0	0	0	0	0	0.1	0.1	0.2	0.3	0.4	0.4	0.5	0.7	0.8	0.9	1	1.3	1.5	1.7	1.9	2.4	2.7	3	3.4	3.8	4.2	4.7	5.1	5.6	6	6.5	7.1	7.8	8.5	9.3	10.2	11	12	13.2	14.6	15.5	16.9	19.5	23.1	28.3	35.2	77.2
6712	46.33	6.92	0	20241101	0	382	0	0	0	0	0	0	0	0	0	0	0	0	0	0	0	0	0	0	0	0	0	0	0	0	0	0	0	0	0	0	0	0	0	0	0	0	0	0	0	0	0	0	0	0	0	0	0	0	0	0	0	0	0	0	0	0	0.1	0.1	0.1	0.2	0.2	0.3	0.3	0.4	0.5	0.7	0.8	1	1.1	1.2	1.4	1.6	1.9	2.1	2.3	2.5	2.8	3	3.3	3.6	4.1	4.6	5.1	5.6	6	6.6	7.3	7.7	8.3	9.2	9.7	10.3	10.9	12.1	13.8	14.6	16.6	18.4	22.2	26.9	51.4
6713	46.39	7.1	0	20241101	0	1412	0	0	0	0	0	0	0	0	0	0	0	0	0	0	0	0	0	0	0	0	0	0	0	0	0	0	0	0	0	0	0	0	0	0	0	0	0	0	0	0	0	0	0	0	0	0.1	0.1	0.2	0.2	0.2	0.2	0.2	0.3	0.3	0.4	0.5	0.5	0.6	0.7	0.8	1	1.2	1.3	1.5	1.7	1.9	2.1	2.3	2.6	2.9	3.1	3.4	3.8	4.2	4.5	4.8	5.2	5.7	6.2	6.6	7.1	7.8	8.5	9.3	9.9	10.3	10.7	11.6	12.7	13.3	14.2	15	15.7	17.6	19.5	20.7	22.3	25.3	28.8	36.6	87.9
6715	46.18	7.03	0	20241101	0	483	0	0	0	0	0	0	0	0	0	0	0	0	0	0	0	0	0	0	0	0	0	0	0	0	0	0	0	0	0	0	0	0	0	0	0	0	0	0	0	0	0	0	0	0	0	0	0	0	0	0	0.1	0.1	0.1	0.1	0.1	0.2	0.2	0.2	0.3	0.3	0.4	0.4	0.5	0.5	0.6	0.7	0.8	0.9	1	1.2	1.2	1.5	1.6	1.9	2	2.3	2.5	2.7	3.1	3.4	3.9	4.3	4.5	4.8	5.1	5.6	6.1	6.6	7.3	8.3	8.9	9.6	10.9	11.7	12.8	13.7	15.1	17.2	20.2	24.7	47.5
6716	46.15	7.62	0	20241101	0	1581	0	0	0	0	0	0	0	0	0	0	0	0	0	0	0	0	0	0	0	0	0	0	0	0	0	0	0	0	0	0	0	0	0	0	0	0	0	0	0	0	0	0	0	0	0	0	0	0	0	0	0	0.1	0.1	0.1	0.2	0.2	0.2	0.2	0.2	0.3	0.3	0.3	0.3	0.4	0.5	0.5	0.6	0.7	0.8	1	1.1	1.3	1.5	1.6	1.7	1.9	2.2	2.4	2.6	2.9	3.2	3.4	3.7	4.1	4.5	4.8	5.2	5.7	6.2	6.9	7.5	8.5	8.9	10	11	12.1	13.7	15.3	17.9	23.6	58.8
6717	45.87	7.17	0	20241101	0	2488	0	0	0	0	0	0	0	0	0	0	0	0	0	0	0	0	0	0	0	0	0	0	0	0	0	0	0	0	0	0	0	0	0	0	0	0	0	0	0	0	0	0	0	0	0	0	0	0	0	0	0.1	0.1	0.1	0.2	0.2	0.2	0.3	0.4	0.5	0.6	0.7	0.8	0.9	1	1.2	1.4	1.5	1.7	1.9	2	2.3	2.6	2.8	3	3.2	3.6	4	4.6	4.9	5.3	5.8	6.1	6.9	7.5	8.4	9.3	10.3	11.2	13.2	14.2	15	16.9	18.4	20.6	22.5	25.3	28.3	34.7	44.4	56.5	163.8
6720	46.22	7.33	0	20241101	0	483	0	0	0	0	0	0	0	0	0	0	0	0	0	0	0	0	0	0	0	0	0	0	0	0	0	0	0	0	0	0	0	0	0	0	0	0	0	0	0	0	0	0	0	0	0	0	0	0	0	0	0	0	0	0	0	0	0	0	0	0	0	0	0	0	0	0.1	0.1	0.1	0.2	0.2	0.3	0.4	0.5	0.6	0.7	0.7	0.9	1.1	1.3	1.4	1.8	2	2.1	2.6	2.9	3.2	3.5	4	4.3	4.7	5.2	6	6.7	7.8	9	11	12.7	14.9	17.2	24.2	48.9
6721	46.37	8.19	0	20241101	0	1479	0	0	0	0	0	0	0	0	0	0	0	0	0	0	0	0	0	0	0	0	0	0	0	0	0	0	0	0	0	0	0	0	0	0	0	0	0	0	0	0	0	0	0	0	0	0	0	0	0	0	0	0	0	0	0	0	0.1	0.1	0.1	0.2	0.2	0.2	0.3	0.3	0.4	0.4	0.5	0.6	0.7	0.7	0.9	1	1.2	1.2	1.5	1.7	2	2.2	2.4	2.5	2.8	3.1	3.3	3.9	4.2	4.6	4.8	5.4	5.9	6.7	7.6	8.2	9	10.4	11.5	13.4	16.5	20.1	28.3	38.3	178.9
6722	46.11	7.51	0	20241101	0	1829	0	0	0	0	0	0	0	0	0	0	0	0	0	0	0	0	0	0	0	0	0	0	0	0	0	0	0	0	0	0	0	0	0	0	0	0	0	0	0	0	0	0	0	0	0	0	0	0	0	0	0	0	0	0	0	0	0	0	0.1	0.1	0.1	0.2	0.3	0.3	0.4	0.5	0.6	0.7	0.8	0.9	1	1.1	1.3	1.4	1.5	1.6	1.9	2.1	2.3	2.6	2.8	3.1	3.4	3.8	4.1	4.4	5	5.5	6.1	6.7	7.1	7.9	8.6	9.6	10.7	12	14	16.4	18	21.2	58.5
6724	46.3	7.46	0	20241101	0	1424	0	0	0	0	0	0	0	0	0	0	0	0	0	0	0	0	0	0	0	0	0	0	0	0	0	0	0	0	0	0	0	0	0	0	0	0	0	0	0	0	0	0	0	0	0	0	0	0	0	0	0	0	0	0	0	0	0	0	0	0.1	0.1	0.1	0.2	0.2	0.3	0.4	0.5	0.6	0.7	0.8	1	1.1	1.3	1.5	1.7	1.9	2.2	2.4	2.6	2.9	3.2	3.5	3.8	4.3	4.6	5	5.5	6	6.6	7.3	8	9.2	10.3	11.5	12.6	14.2	15.9	19	23.7	29.4	55.4
6725	46.42	7.82	0	20241101	0	1539	0	0	0	0	0	0	0	0	0	0	0	0	0	0	0	0	0	0	0	0	0	0	0	0	0	0	0	0	0	0	0	0	0	0	0	0	0	0	0	0	0	0	0	0	0	0	0	0	0	0	0	0	0	0	0.1	0.1	0.1	0.1	0.2	0.3	0.3	0.4	0.5	0.6	0.7	0.8	0.9	1	1.2	1.4	1.7	1.9	2.1	2.3	2.6	2.8	3	3.3	3.6	3.8	4.1	4.5	4.9	5.5	6	6.4	7.1	7.9	8.8	9.5	10.1	11	11.9	13	14.1	16	17.9	22.1	25.7	33.3	75.9
6727	46.3	7.84	0	20241101	0	641	0	0	0	0	0	0	0	0	0	0	0	0	0	0	0	0	0	0	0	0	0	0	0	0	0	0	0	0	0	0	0	0	0	0	0	0	0	0	0	0	0	0	0	0	0	0	0	0	0	0	0	0	0	0	0	0	0	0	0	0	0	0	0	0	0	0	0.1	0.1	0.2	0.2	0.3	0.4	0.5	0.6	0.7	0.8	0.9	1.1	1.3	1.5	1.7	2	2.1	2.6	2.8	3	3.5	4	4.5	5.1	5.4	6.1	7.7	8.6	9.5	10.6	11.6	14.2	18.8	26.9	56.5
6728	46.2	7.84	0	20241101	0	1606	0	0	0	0	0	0	0	0	0	0	0	0	0	0	0	0	0	0	0	0	0	0	0	0	0	0	0	0	0	0	0	0	0	0	0	0	0	0	0	0	0	0	0	0	0	0	0	0	0	0	0	0	0	0	0	0	0	0	0	0	0	0	0	0	0.1	0.1	0.1	0.2	0.2	0.3	0.3	0.4	0.5	0.6	0.7	0.8	1	1.1	1.2	1.5	1.7	1.9	2.1	2.4	2.7	3	3.2	3.6	4	4.4	5	5.6	6.3	6.8	8.1	8.9	10	12.7	15.4	23.6	60.3
6731	46.75	7.59	0	20241101	0	571	0	0	0	0	0	0	0	0	0	0	0	0	0	0	0	0	0	0	0	0	0	0	0	0	0	0	0	0	0	0	0	0	0	0	0	0	0	0	0	0	0	0	0	0	0	0	0	0	0	0	0	0	0	0	0	0.1	0.1	0.1	0.2	0.2	0.3	0.4	0.4	0.5	0.5	0.7	0.9	1	1.1	1.3	1.4	1.6	1.7	1.9	2.1	2.3	2.6	3	3.2	3.5	4	4.3	4.7	5.1	5.6	6.2	6.7	7.2	7.7	8.3	8.8	9.4	10.3	11.4	12.9	14.3	15.6	18.2	21.8	31.8	58.6
6733	46.62	7.38	0	20241101	0	821	0	0	0	0	0	0	0	0	0	0	0	0	0	0	0	0	0	0	0	0	0	0	0	0	0	0	0	0	0	0	0	0	0	0	0	0	0	0	0	0	0	0	0	0	0	0	0	0	0	0	0	0	0.1	0.1	0.2	0.2	0.3	0.3	0.4	0.4	0.6	0.7	0.8	0.9	1	1.2	1.4	1.7	1.9	2.1	2.2	2.5	2.8	3.1	3.4	3.7	4	4.3	4.5	5.1	5.4	5.8	6.4	7	7.5	8.1	8.7	9.3	9.7	10.6	11.4	12.3	12.9	14	15.3	16.9	18.8	22.1	25.1	31.9	70.6
6734	46.67	7.87	0	20241101	0	579	0	0	0	0	0	0	0	0	0	0	0	0	0	0	0	0	0	0	0	0	0	0	0	0	0	0	0	0	0	0	0	0	0	0	0	0	0	0	0	0	0	0	0	0	0	0	0	0	0	0	0	0	0	0.1	0.1	0.1	0.2	0.2	0.3	0.4	0.5	0.6	0.7	0.9	1	1.2	1.5	1.7	1.9	2.2	2.4	2.7	3	3.2	3.5	4	4.3	4.6	5	5.3	5.7	6	6.4	6.9	7.3	7.6	8.2	8.6	9.6	10.2	10.8	11.5	12.7	13.6	14.4	16.4	18.4	21.5	24.7	33.1	59.1
6735	46.49	7.56	0	20241101	0	1327	0	0	0	0	0	0	0	0	0	0	0	0	0	0	0	0	0	0	0	0	0	0	0	0	0	0	0	0	0	0	0	0	0	0	0	0	0	0	0	0	0	0	0	0	0	0	0	0	0	0	0.1	0.1	0.1	0.2	0.3	0.3	0.4	0.5	0.7	0.8	0.9	1	1.2	1.3	1.5	1.7	1.9	2.1	2.3	2.6	2.8	3.1	3.4	3.7	3.9	4.5	4.8	5	5.4	5.9	6.2	6.5	6.9	7.3	7.7	8.4	9.1	9.9	10.8	11.3	11.8	12.6	13	14.7	16.3	17.9	19.9	22.8	27.8	34.2	65.8
6744	46.57	8.33	0	20241101	0	1962	0	0	0	0	0	0	0	0	0	0	0	0	0	0	0	0	0	0	0	0	0	0	0	0	0	0	0	0	0	0	0	0	0	0	0	0	0	0	0	0	0	0	0	0	0	0.1	0.1	0.1	0.2	0.2	0.3	0.4	0.5	0.6	0.7	0.8	0.9	1	1.2	1.3	1.5	1.7	2	2.2	2.4	2.6	2.9	3.2	3.5	3.8	4	4.5	4.8	5.1	5.5	5.9	6.6	7.1	7.6	8	8.7	9.1	9.7	10.2	11	11.6	12.2	12.7	13.7	14.4	15.2	16.4	17.2	18.8	21.1	23.8	27.8	30.7	37.6	47.8	111.1
6745	46.5	8.31	0	20241101	0	1347	0	0	0	0	0	0	0	0	0	0	0	0	0	0	0	0	0	0	0	0	0	0	0	0	0	0	0	0	0	0	0	0	0	0	0	0	0	0	0	0	0	0	0	0	0	0	0	0	0	0	0	0	0	0	0	0	0	0	0	0.1	0.1	0.1	0.2	0.3	0.3	0.4	0.5	0.7	0.8	1	1.2	1.3	1.5	1.7	1.8	2	2.3	2.5	2.7	2.9	3.3	3.8	4.3	4.6	5	5.9	6.5	7.1	7.6	8.4	9.3	10	10.7	11.6	13.2	15.5	16.8	19.9	26.7	36	95.2
6748	46.03	7.75	0	20241101	0	1640	0	0	0	0	0	0	0	0	0	0	0	0	0	0	0	0	0	0	0	0	0	0	0	0	0	0	0	0	0	0	0	0	0	0	0	0	0	0	0	0	0	0	0	0	0	0	0	0	0	0	0	0	0	0	0	0	0	0	0	0	0	0	0.1	0.1	0.1	0.2	0.2	0.3	0.4	0.4	0.5	0.7	0.8	0.9	1	1.1	1.3	1.4	1.5	1.7	1.9	2.1	2.2	2.5	2.8	3.2	3.4	3.9	4.5	4.9	5.2	6	7	7.6	8.4	10.5	12.1	14.3	17.7	26.6	54
6750	46.65	8.62	0	20241101	0	2284	0	0	0	0	0	0	0	0	0	0	0	0	0	0	0	0	0	0	0	0	0	0	0	0	0	0	0	0	0	0	0	0	0	0	0	0	0	0	0	0	0	0	0	0	0	0	0	0	0.1	0.1	0.1	0.2	0.2	0.2	0.3	0.4	0.4	0.5	0.6	0.7	0.8	0.9	1	1.1	1.2	1.5	1.6	1.8	1.9	2.1	2.2	2.4	2.8	3	3.2	3.5	3.9	4.1	4.4	4.8	5.1	5.5	6	6.5	6.9	7.5	8	8.7	9.6	10.2	10.8	11.9	13.2	14.7	16.5	18.3	21.2	26.5	31.8	46.1	97.6
6751	46.44	8.51	0	20241101	0	1896	0	0	0	0	0	0	0	0	0	0	0	0	0	0	0	0	0	0	0	0	0	0	0	0	0	0	0	0	0	0	0	0	0	0	0	0	0	0	0	0	0	0	0	0	0	0	0	0	0	0	0	0	0	0.1	0.1	0.1	0.2	0.2	0.3	0.4	0.4	0.5	0.7	0.8	1	1.2	1.3	1.5	1.7	1.9	2.2	2.4	2.7	3.2	3.4	3.9	4.3	4.7	5.3	5.8	6.6	7.1	8	8.6	9.7	11	11.9	12.9	14.1	16	17.4	19.6	21.9	24.6	27.8	33.1	37.5	47.1	60.4	74.9	180.5
6752	46.32	8.6	0	20241101	0	422	0	0	0	0	0	0	0	0	0	0	0	0	0	0	0	0	0	0	0	0	0	0	0	0	0	0	0	0	0	0	0	0	0	0	0	0	0	0	0	0	0	0	0	0	0	0	0	0	0	0	0	0	0	0	0	0	0	0	0	0	0	0	0	0.1	0.1	0.1	0.2	0.2	0.3	0.3	0.4	0.5	0.6	0.7	1	1.2	1.5	1.7	2	2.2	2.5	3	3.4	4.3	4.8	5.7	6.6	7.4	8.1	9.1	10.6	12	13.2	15.3	18.2	22.2	26.8	32.1	41.6	61.1	186
6753	46.51	8.69	0	20241101	0	991	0	0	0	0	0	0	0	0	0	0	0	0	0	0	0	0	0	0	0	0	0	0	0	0	0	0	0	0	0	0	0	0	0	0	0	0	0	0	0	0	0	0	0	0	0	0	0	0	0	0	0	0	0	0	0	0	0	0	0	0	0.1	0.1	0.1	0.2	0.2	0.3	0.4	0.5	0.6	0.7	0.9	1	1.1	1.3	1.5	1.7	2	2.2	2.6	2.8	3	3.4	3.7	4.3	4.9	5.5	6	6.8	7.9	9	10.3	11.5	13	13.9	16.3	18.6	22	29.8	37.4	50.5	123.7
6756	46.46	8.94	0	20241101	0	576	0	0	0	0	0	0	0	0	0	0	0	0	0	0	0	0	0	0	0	0	0	0	0	0	0	0	0	0	0	0	0	0	0	0	0	0	0	0	0	0	0	0	0	0	0	0	0	0	0	0	0	0	0	0	0	0	0	0	0	0	0	0	0	0	0	0	0.1	0.1	0.2	0.2	0.3	0.4	0.5	0.7	0.8	0.9	1.1	1.2	1.5	1.7	2.1	2.3	2.7	3.2	3.5	4	4.6	5.2	6.1	7.1	8.3	9.5	10.7	12.3	14.2	17.6	21.4	25.7	32.9	42.8	127.4
6758	46.26	9.16	0	20241101	0	324	0	0	0	0	0	0	0	0	0	0	0	0	0	0	0	0	0	0	0	0	0	0	0	0	0	0	0	0	0	0	0	0	0	0	0	0	0	0	0	0	0	0	0	0	0	0	0	0	0	0	0	0	0	0	0	0	0	0	0.1	0.1	0.2	0.2	0.2	0.2	0.2	0.2	0.2	0.3	0.3	0.3	0.4	0.5	0.5	0.6	0.7	0.9	1.1	1.5	1.8	2.2	2.5	3	3.5	4.1	5	5.5	6.1	6.8	7.8	9.2	10.6	12	14	16.2	18.5	22.5	25.7	31	40.4	56	122
6759	46.2	8.79	0	20241101	0	1662	0	0	0	0	0	0	0	0	0	0	0	0	0	0	0	0	0	0	0	0	0	0	0	0	0	0	0	0	0	0	0	0	0	0	0	0	0	0	0	0	0	0	0	0	0	0	0	0	0	0	0	0	0	0	0	0	0	0	0	0	0	0.1	0.1	0.1	0.1	0.2	0.2	0.3	0.4	0.6	0.7	0.8	1	1.1	1.3	1.7	1.9	2.1	2.4	2.7	3.1	3.6	4.1	4.9	5.8	7	8.3	9.5	10.4	11.7	13.6	14.8	17	18.7	21.7	26.7	30.9	37.6	43.8	58.3	167.7
6760	46.17	8.79	0	20241101	0	374	0	0	0	0	0	0	0	0	0	0	0	0	0	0	0	0	0	0	0	0	0	0	0	0	0	0	0	0	0	0	0	0	0	0	0	0	0	0	0	0	0	0	0	0	0	0	0	0	0	0	0	0	0	0	0	0	0	0	0	0	0	0	0	0	0	0	0.1	0.1	0.1	0.2	0.2	0.3	0.5	0.5	0.7	0.9	1	1.4	1.6	2.1	2.5	2.8	3.6	4.4	5.2	6.5	8	9.2	10.7	12.4	14.2	16	17.8	20.3	22.9	27.5	32.5	42.6	53.8	64.5	159.1
6762	46.16	8.93	0	20241101	0	205	0	0	0	0	0	0	0	0	0	0	0	0	0	0	0	0	0	0	0	0	0	0	0	0	0	0	0	0	0	0	0	0	0	0	0	0	0	0	0	0	0	0	0	0	0	0	0	0	0	0	0	0	0	0	0	0	0	0	0	0	0	0	0	0	0	0	0.1	0.1	0.1	0.2	0.3	0.4	0.5	0.6	0.8	1	1.3	1.6	2	2.4	2.8	3.5	4.1	5	5.4	6.5	7.7	9.1	10.2	11.8	14	16	19.3	22.5	25.2	28.4	35.7	43.9	52.7	66.4	163.9
6770	46	8.96	0	20241101	0	301	0	0	0	0	0	0	0	0	0	0	0	0	0	0	0	0	0	0	0	0	0	0	0	0	0	0	0	0	0	0	0	0	0	0	0	0	0	0	0	0	0	0	0	0	0	0	0	0	0	0	0	0	0	0	0	0	0	0	0	0	0	0	0	0	0	0	0	0	0.1	0.1	0.2	0.3	0.4	0.6	0.8	1	1.3	1.6	2	2.3	2.7	3.2	3.8	4.7	5.5	6.1	7	8	9.2	10.3	11.9	14	16.2	18.2	20.9	25.3	28.5	34.5	44.6	60	129.6
6771	45.84	8.93	0	20241101	0	353	0	0	0	0	0	0	0	0	0	0	0	0	0	0	0	0	0	0	0	0	0	0	0	0	0	0	0	0	0	0	0	0	0	0	0	0	0	0	0	0	0	0	0	0	0	0	0	0	0	0	0	0	0	0	0	0	0	0	0	0	0	0	0	0	0	0	0.1	0.1	0.1	0.1	0.1	0.2	0.3	0.5	0.6	0.8	1	1.3	1.6	1.9	2.4	2.9	3.2	3.8	4.3	5	6.1	7.2	9.1	10.3	11.8	13	15.6	18.1	20.2	23.3	29.1	34.8	46.1	67.3	186.9
6774	46.46	9.67	0	20241101	0	1856	0	0	0	0	0	0	0	0	0	0	0	0	0	0	0	0	0	0	0	0	0	0	0	0	0	0	0	0	0	0	0	0	0	0	0	0	0	0	0	0	0	0	0	0	0	0	0	0.1	0.1	0.1	0.1	0.1	0.1	0.1	0.2	0.2	0.2	0.2	0.3	0.3	0.4	0.5	0.5	0.6	0.6	0.7	0.8	0.9	1	1.1	1.3	1.4	1.5	1.7	2	2.2	2.3	2.4	2.7	2.9	3.2	3.7	4	4.3	4.5	5	5.5	6.1	6.9	7.7	8.9	9.6	10.5	11.9	13.5	15.6	17.6	21	26.6	39.5	87.7
6777	45.93	9.02	0	20241101	0	1601	0	0	0	0	0	0	0	0	0	0	0	0	0	0	0	0	0	0	0	0	0	0	0	0	0	0	0	0	0	0	0	0	0	0	0	0	0	0	0	0	0	0	0	0	0	0	0	0	0	0	0	0	0	0	0	0	0	0	0	0	0	0.1	0.1	0.1	0.2	0.2	0.3	0.3	0.4	0.5	0.6	0.8	1	1.2	1.4	1.6	1.9	2.3	2.7	3.1	3.6	4.2	4.9	5.6	6.7	7.7	8.3	9.3	10.7	12.6	14.6	16.7	18.9	21.4	24.6	28.4	32.6	37.5	48.5	60.9	210.3
6778	46.65	10.27	0	20241101	0	1970	0	0	0	0	0	0	0	0	0	0	0	0	0	0	0	0	0	0	0	0	0	0	0	0	0	0	0	0	0	0	0	0	0	0	0	0	0	0	0	0	0	0	0	0	0	0	0	0	0	0	0	0	0	0.1	0.1	0.1	0.1	0.1	0.2	0.2	0.2	0.3	0.4	0.4	0.5	0.6	0.6	0.7	0.8	0.9	1	1.1	1.2	1.4	1.5	1.7	1.9	2.1	2.4	2.8	3.1	3.3	3.6	4.1	4.5	5	5.6	6.2	6.8	7.3	8.2	8.9	10.1	11.3	12.6	14.1	16.6	19.8	24.5	30.3	56.4
6779	46.43	9.76	0	20241101	0	1805	0	0	0	0	0	0	0	0	0	0	0	0	0	0	0	0	0	0	0	0	0	0	0	0	0	0	0	0	0	0	0	0	0	0	0	0	0	0	0	0	0	0	0	0	0	0	0	0	0	0	0	0	0	0	0	0	0	0.1	0.1	0.1	0.1	0.1	0.1	0.2	0.2	0.3	0.3	0.4	0.5	0.5	0.6	0.7	0.8	0.9	1.1	1.4	1.6	1.7	2	2.3	2.5	2.8	3	3.3	3.8	4.3	4.9	5.6	6.2	7.3	8	9.5	10.3	11.2	13.6	15.6	17.9	22.7	28	36.3	67.9
6780	46.83	9.81	0	20241101	0	2674	0	0	0	0	0	0	0	0	0	0	0	0	0	0	0	0	0	0	0	0	0	0	0	0	0	0	0	0	0	0	0	0	0	0	0.1	0.1	0.1	0.1	0.1	0.2	0.2	0.2	0.2	0.3	0.3	0.3	0.3	0.4	0.4	0.4	0.5	0.6	0.7	0.7	0.8	0.9	1	1.1	1.3	1.5	1.8	2	2.1	2.3	2.5	2.7	2.9	3.1	3.3	3.6	3.8	4.1	4.4	4.7	5	5.4	5.6	5.9	6.4	6.6	7	7.3	7.8	8.5	9.3	10	10.8	11.3	12.1	12.7	13.8	15.1	16.7	17.6	18.8	20.6	22.6	26.4	29	36.8	112.9
6782	46.71	8.85	0	20241101	0	1198	0	0	0	0	0	0	0	0	0	0	0	0	0	0	0	0	0	0	0	0	0	0	0	0	0	0	0	0	0	0	0	0	0	0	0	0	0	0	0	0	0	0	0	0	0	0	0	0	0	0	0	0.1	0.1	0.1	0.1	0.1	0.2	0.2	0.2	0.3	0.3	0.4	0.5	0.6	0.7	0.8	0.9	1	1.1	1.2	1.4	1.5	1.7	1.9	2	2.3	2.5	2.6	2.9	3.1	3.5	3.8	4.1	4.3	4.8	5.1	5.5	6	6.6	7.3	8.1	8.9	9.8	11.4	14	16.7	19.3	22.6	29.7	37.5	90
6783	46.46	9.18	0	20241101	0	1640	0	0	0	0	0	0	0	0	0	0	0	0	0	0	0	0	0	0	0	0	0	0	0	0	0	0	0	0	0	0	0	0	0	0	0	0	0	0	0	0	0	0	0	0	0	0	0	0	0	0	0	0	0	0.1	0.1	0.1	0.1	0.1	0.2	0.2	0.3	0.4	0.5	0.5	0.7	0.8	0.9	1	1.2	1.4	1.6	1.8	2	2.2	2.5	2.7	3	3.3	3.8	4.1	4.8	5.3	5.7	6.5	7.3	8.2	9.1	10	11.1	12.1	13.4	14.8	16.2	17.5	20.1	24.8	29	35.1	42.7	54.5	159.1
6784	46.81	9.84	0	20241101	0	1596	0	0	0	0	0	0	0	0	0	0	0	0	0	0	0	0	0	0	0	0	0	0	0	0	0	0	0	0	0	0	0	0	0	0	0	0	0	0	0	0	0	0	0	0	0	0	0	0	0	0	0	0.1	0.1	0.1	0.1	0.2	0.2	0.3	0.4	0.5	0.6	0.7	0.7	0.8	0.9	1	1.1	1.4	1.6	1.6	1.8	1.9	2	2.2	2.4	2.6	2.8	3	3.2	3.5	3.8	4.1	4.5	4.9	5.3	5.7	6.2	6.6	7.3	7.6	8.7	10	10.7	12.4	13.5	14.9	17	20.5	22.9	27.6	74.7
6785	46.79	9.68	0	20241101	0	1879	0	0	0	0	0	0	0	0	0	0	0	0	0	0	0	0	0	0	0	0	0	0	0	0	0	0	0	0	0	0	0	0	0	0	0	0	0	0	0	0	0	0	0	0	0	0	0	0	0	0.1	0.1	0.1	0.1	0.2	0.2	0.3	0.4	0.5	0.6	0.7	0.8	0.9	1	1.1	1.3	1.4	1.6	1.8	1.9	2	2.1	2.3	2.4	2.7	2.9	3	3.2	3.5	3.8	4.1	4.5	4.8	5.2	5.7	6.2	6.7	7.1	7.6	8.4	9.1	9.7	10.7	12.1	13	14	15.8	19	20.9	24.7	30.7	96.4
6786	46.87	9.53	0	20241101	0	557	0	0	0	0	0	0	0	0	0	0	0	0	0	0	0	0	0	0	0	0	0	0	0	0	0	0	0	0	0	0	0	0	0	0	0	0	0	0	0	0	0	0	0	0	0	0	0	0	0	0	0	0	0	0	0	0	0	0.1	0.1	0.1	0.1	0.2	0.2	0.3	0.4	0.5	0.6	0.7	0.8	0.9	1	1.1	1.2	1.4	1.5	1.8	1.9	2	2.2	2.4	2.6	2.8	3.3	3.5	3.8	4.2	4.6	5.2	5.7	6.5	7.1	8.1	8.9	9.9	11.7	12.8	14.6	16.2	20.7	27.9	89.2
6787	46.61	9.43	0	20241101	0	988	0	0	0	0	0	0	0	0	0	0	0	0	0	0	0	0	0	0	0	0	0	0	0	0	0	0	0	0	0	0	0	0	0	0	0	0	0	0	0	0	0	0	0	0	0	0	0	0	0	0	0	0	0	0	0	0	0	0	0	0	0.1	0.1	0.1	0.1	0.1	0.2	0.2	0.3	0.4	0.4	0.5	0.6	0.7	0.8	0.9	1	1.1	1.3	1.5	1.8	2	2.2	2.6	2.9	3.3	3.7	4.3	4.8	5.3	5.9	6.9	7.7	8.8	10	11.7	14.2	16.6	20.3	25.7	33.2	140.8
6788	46.35	9.63	0	20241101	0	1090	0	0	0	0	0	0	0	0	0	0	0	0	0	0	0	0	0	0	0	0	0	0	0	0	0	0	0	0	0	0	0	0	0	0	0	0	0	0	0	0	0	0	0	0	0	0.1	0.1	0.1	0.1	0.1	0.1	0.1	0.1	0.1	0.2	0.2	0.2	0.2	0.2	0.3	0.3	0.3	0.3	0.4	0.4	0.4	0.5	0.6	0.6	0.8	0.9	1	1.1	1.4	1.6	1.9	2.1	2.3	2.6	3.1	3.5	3.9	4.4	4.8	5.6	6.1	6.8	7.7	8.5	9.5	11	12.3	14.1	15.6	17.3	20	25.6	32.7	38.5	54.2	145.1
6789	46.78	9.22	0	20241101	0	699	0	0	0	0	0	0	0	0	0	0	0	0	0	0	0	0	0	0	0	0	0	0	0	0	0	0	0	0	0	0	0	0	0	0	0	0	0	0	0	0	0	0	0	0	0	0	0	0	0	0	0	0	0	0	0.1	0.1	0.1	0.1	0.2	0.2	0.2	0.2	0.3	0.3	0.4	0.4	0.5	0.6	0.7	0.8	0.9	1	1.1	1.3	1.4	1.6	1.8	2.1	2.3	2.6	2.7	3	3.3	3.7	4	4.5	5.1	5.6	6	6.6	7.3	7.8	8.9	10.2	12.3	13.3	15.3	17.4	20.7	29.3	93
6790	46.98	9.67	0	20241101	0	626	0	0	0	0	0	0	0	0	0	0	0	0	0	0	0	0	0	0	0	0	0	0	0	0	0	0	0	0	0	0	0	0	0	0	0	0	0	0	0	0	0	0	0	0	0	0	0	0	0	0	0	0	0	0	0.1	0.2	0.2	0.2	0.3	0.3	0.4	0.5	0.6	0.6	0.8	0.8	1	1.1	1.2	1.4	1.5	1.6	1.8	1.9	2.1	2.3	2.4	2.7	2.9	3.1	3.5	3.8	4.2	4.6	5	5.3	5.7	6.2	6.8	7.6	8.1	9.2	10.3	11.7	13.2	14.6	16.2	18.6	22.8	31.2	89.6
6791	46.42	9.82	0	20241101	0	3302	0	0	0	0	0	0	0	0	0	0	0	0	0	0	0	0	0	0	0	0	0	0	0	0	0	0	0	0	0	0	0	0	0	0	0	0	0	0	0	0	0	0	0	0	0	0	0	0	0	0	0.1	0.1	0.1	0.1	0.2	0.2	0.2	0.3	0.3	0.4	0.5	0.6	0.6	0.7	0.8	1	1.1	1.3	1.4	1.6	1.7	1.9	2.1	2.3	2.5	2.8	3.1	3.5	3.8	4	4.3	4.7	5	5.4	6	6.6	7	7.7	8.6	9.2	10.4	11.4	13	15.2	16.8	19.1	23.9	28.2	35	48.6	78
6792	46.53	9.88	0	20241101	0	1710	0	0	0	0	0	0	0	0	0	0	0	0	0	0	0	0	0	0	0	0	0	0	0	0	0	0	0	0	0	0	0	0	0	0	0	0	0	0	0	0	0	0	0	0	0	0	0	0	0	0	0	0	0	0	0	0	0	0	0	0	0	0	0	0.1	0.1	0.1	0.1	0.1	0.2	0.3	0.3	0.4	0.4	0.6	0.7	0.9	1	1.1	1.3	1.4	1.7	1.9	2.3	2.5	2.8	3.2	3.7	4	4.6	5.3	6.3	7.1	8.3	9.1	10.5	11.3	13.9	16.9	21	29.1	59.5
6793	46.76	9.55	0	20241101	0	1569	0	0	0	0	0	0	0	0	0	0	0	0	0	0	0	0	0	0	0	0	0	0	0	0	0	0	0	0	0	0	0	0	0	0	0	0	0	0	0	0	0	0	0	0	0	0	0	0	0	0	0	0	0	0	0	0	0	0.1	0.1	0.1	0.1	0.1	0.2	0.2	0.3	0.4	0.5	0.5	0.6	0.7	0.8	0.9	1	1.1	1.2	1.4	1.5	1.7	1.9	2.1	2.3	2.5	2.7	3	3.3	3.7	4.1	4.6	5.3	6.2	6.7	7.4	8.5	10.2	11.8	12.7	16.4	19.1	22.4	28	96.4
6794	46.35	10.06	0	20241101	0	1079	0	0	0	0	0	0	0	0	0	0	0	0	0	0	0	0	0	0	0	0	0	0	0	0	0	0	0	0	0	0	0	0	0	0	0	0	0	0	0	0	0	0	0	0	0	0	0	0	0	0	0	0	0	0	0	0	0	0	0	0	0	0.1	0.1	0.1	0.1	0.1	0.2	0.2	0.3	0.4	0.5	0.6	0.7	0.9	1	1.2	1.5	1.7	2	2.4	2.6	3	3.5	4	4.5	5	5.9	6.8	7.7	8.5	9.6	11	12.3	13.7	15.7	17.9	20.3	24.4	33.8	43.8	93.6
6795	46.58	9.53	0	20241101	0	2672	0	0	0	0	0	0	0	0	0	0	0	0	0	0	0	0	0	0	0	0	0	0	0	0	0	0	0	0	0	0	0	0	0	0	0	0	0	0	0	0	0	0	0	0	0	0	0	0	0	0	0	0	0	0	0.1	0.1	0.1	0.2	0.2	0.2	0.3	0.3	0.3	0.4	0.5	0.5	0.6	0.6	0.7	0.8	0.9	1	1.1	1.2	1.3	1.5	1.6	1.8	2	2.2	2.5	2.7	3.1	3.3	3.8	4	4.4	5.2	5.7	6.5	7.4	8.1	8.5	9.3	10.4	12.1	14.7	17.1	21.4	26.8	149.8
6796	46.6	10.43	0	20241101	0	1387	0	0	0	0	0	0	0	0	0	0	0	0	0	0	0	0	0	0	0	0	0	0	0	0	0	0	0	0	0	0	0	0	0	0	0	0	0	0	0	0	0	0	0	0	0	0	0	0	0	0	0	0	0	0	0	0	0	0	0	0	0	0	0	0	0	0.1	0.1	0.1	0.2	0.2	0.3	0.4	0.5	0.6	0.8	0.9	1	1.2	1.4	1.6	1.8	2	2.2	2.6	2.9	3.4	4.1	4.5	5	5.8	6.3	7	8.3	9.2	10.6	12.6	15.8	18.8	24.6	32.4	64.3
6797	46.41	10.02	0	20241101	0	2261	0	0	0	0	0	0	0	0	0	0	0	0	0	0	0	0	0	0	0	0	0	0	0	0	0	0	0	0	0	0	0	0	0	0	0	0	0	0	0	0	0	0	0	0	0	0	0	0	0	0	0	0	0	0	0	0	0	0	0	0	0	0	0	0.1	0.1	0.1	0.2	0.2	0.3	0.4	0.5	0.6	0.8	0.9	1	1.2	1.4	1.5	1.8	2.1	2.4	2.8	3.3	3.6	4	4.5	5.1	5.6	6.4	7.1	8	9.5	11.2	12.6	14.5	16.9	19.2	24.4	33.7	51.7	137.2
6798	46.79	10.28	0	20241101	0	1305	0	0	0	0	0	0	0	0	0	0	0	0	0	0	0	0	0	0	0	0	0	0	0	0	0	0	0	0	0	0	0	0	0	0	0	0	0	0	0	0	0	0	0	0	0	0	0	0	0	0	0	0	0	0	0	0	0	0	0	0.1	0.1	0.1	0.1	0.2	0.2	0.3	0.3	0.4	0.5	0.5	0.6	0.7	0.8	0.9	1	1.2	1.3	1.6	1.8	2	2.2	2.5	2.7	2.9	3.3	3.6	3.9	4.4	5.1	5.7	6.3	6.8	7.9	8.7	9.9	11.2	12.8	16.5	19.8	26.2	52.8
7490	45.93	6.11	0	20241101	0	459	0	0	0	0	0	0	0	0	0	0	0	0	0	0	0	0	0	0	0	0	0	0	0	0	0	0	0	0	0	0	0	0	0	0	0	0	0	0	0	0	0	0	0	0	0	0	0	0	0	0.2	0.2	0.2	0.2	0.2	0.2	0.2	0.2	0.2	0.2	0.2	0.2	0.4	0.4	0.4	0.6	0.6	0.8	1	1	1.2	1.6	1.8	2	2.4	2.8	3	3.2	3.8	4	4.6	5	5.4	5.8	6.2	6.6	7.2	7.8	8.4	9.1	10	10.8	11.4	13	14.5	15.3	17.3	19.2	23.6	28.1	31.6	63.2
7497	45.61	6.76	0	20241101	0	868	0	0	0	0	0	0	0	0	0	0	0	0	0	0	0	0	0	0	0	0	0	0	0	0	0	0	0	0	0	0	0	0	0	0	0	0	0	0	0	0	0	0	0	0	0	0	0	0	0	0	0	0	0	0	0	0.2	0.2	0.2	0.2	0.2	0.2	0.2	0.4	0.4	0.4	0.6	0.6	0.8	1	1	1.2	1.4	1.6	1.8	1.8	2.2	2.6	3	3.4	3.6	4	4.4	4.8	5.2	5.6	6.3	6.9	7.7	8.5	9.3	10.5	11.7	12.7	13.9	14.9	16.4	19.2	23	27.3	32.9	57.6
7591	44.57	6.5	0	20241101	0	877	0	0	0	0	0	0	0	0	0	0	0	0	0	0	0	0	0	0	0	0	0	0	0	0	0	0	0	0	0	0	0	0	0	0	0	0	0	0	0	0	0	0	0	0	0	0	0	0	0	0	0	0	0	0	0	0	0	0	0	0	0	0	0	0	0	0	0	0	0	0.2	0.2	0.2	0.2	0.2	0.4	0.6	0.8	1	1.4	1.6	1.8	2	2.2	2.8	3.2	3.6	4.2	5	5.8	6.6	7.2	8.2	9.6	11	12.4	14	15.4	18.1	23.4	31.3	63.3
7593	44.88	6.64	0	20241101	0	1310	0	0	0	0	0	0	0	0	0	0	0	0	0	0	0	0	0	0	0	0	0	0	0	0	0	0	0	0	0	0	0	0	0	0	0	0	0	0	0	0	0	0	0	0	0	0	0	0	0	0	0	0	0	0	0	0	0	0	0	0	0	0	0	0	0	0	0	0	0	0	0.2	0.2	0.2	0.4	0.4	0.6	0.8	0.8	1	1.2	1.6	1.6	2	2.2	2.6	3	3.4	4	4.4	5	5.6	6.2	7	8	9.4	11	13.8	17.2	19.6	24.8	69.8
7667	43.09	6.15	0	20241101	0	4	0	0	0	0	0	0	0	0	0	0	0	0	0	0	0	0	0	0	0	0	0	0	0	0	0	0	0	0	0	0	0	0	0	0	0	0	0	0	0	0	0	0	0	0	0	0	0	0	0	0	0	0	0	0	0	0	0	0	0	0	0	0	0	0	0	0	0	0	0	0.2	0.2	0.2	0.2	0.2	0.2	0.2	0.2	0.2	0.2	0.2	0.2	0.2	0.2	0.4	0.4	0.8	1	1.2	1.6	2	2.6	3.2	4.4	5.5	6.6	8.9	10.9	13.1	18	28.9	69.1
7675	43.38	6.39	0	20241101	0	82	0	0	0	0	0	0	0	0	0	0	0	0	0	0	0	0	0	0	0	0	0	0	0	0	0	0	0	0	0	0	0	0	0	0	0	0	0	0	0	0	0	0	0	0	0	0	0	0	0	0	0	0	0	0	0	0	0	0	0	0	0	0	0	0	0	0	0	0	0	0	0	0	0	0	0	0	0	0.2	0.2	0.2	0.2	0.2	0.2	0.4	0.4	0.6	0.8	1.2	1.4	1.8	2.2	3	3.8	5.4	6.8	8	10.8	15.5	21.4	34.5	127
7684	43.56	6.95	0	20241101	0	4	0	0	0	0	0	0	0	0	0	0	0	0	0	0	0	0	0	0	0	0	0	0	0	0	0	0	0	0	0	0	0	0	0	0	0	0	0	0	0	0	0	0	0	0	0	0	0	0	0	0	0	0	0	0	0	0	0	0	0	0	0	0	0	0	0	0	0	0	0	0	0	0	0	0	0	0.2	0.2	0.2	0.2	0.2	0.2	0.2	0.2	0.4	0.6	0.8	1.2	1.4	2	2.6	3.2	4.2	5.2	6.2	8.7	11.4	14.9	17.9	26	40.4	89.2
7690	43.65	7.21	0	20241101	0	26	0	0	0	0	0	0	0	0	0	0	0	0	0	0	0	0	0	0	0	0	0	0	0	0	0	0	0	0	0	0	0	0	0	0	0	0	0	0	0	0	0	0	0	0	0	0	0	0	0	0	0	0	0	0	0	0	0	0	0	0	0	0	0	0	0	0	0	0	0	0	0	0	0	0	0	0	0	0	0	0	0	0.2	0.2	0.4	0.4	0.8	1	1.4	1.6	2	2.4	3.2	4.2	5.7	7.7	10.3	13.9	18.5	24.6	38.1	107.1
7753	42.63	8.92	0	20241101	0	145	0	0	0	0	0	0	0	0	0	0	0	0	0	0	0	0	0	0	0	0	0	0	0	0	0	0	0	0	0	0	0	0	0	0	0	0	0	0	0	0	0	0	0	0	0	0	0	0	0	0	0	0	0	0	0	0	0	0	0	0	0	0	0	0	0	0	0	0	0	0	0	0	0	0	0	0	0	0	0	0	0.2	0.2	0.2	0.2	0.4	0.4	0.6	0.8	1	1.4	1.8	2.4	3.2	4.2	4.9	6.4	8	9.9	12.3	16.8	65.4
7754	42.53	8.79	0	20241101	0	58	0	0	0	0	0	0	0	0	0	0	0	0	0	0	0	0	0	0	0	0	0	0	0	0	0	0	0	0	0	0	0	0	0	0	0	0	0	0	0	0	0	0	0	0	0	0	0	0	0	0	0	0	0	0	0	0	0	0	0	0	0	0	0	0	0	0	0	0	0	0	0	0	0	0	0.2	0.2	0.2	0.2	0.2	0.2	0.4	0.4	0.6	0.6	0.8	0.8	1.2	1.6	2.2	2.6	3.2	3.8	4.8	5.6	6.7	8.4	10.5	13.5	18.3	26.8	73.8
7761	41.92	8.79	0	20241101	0	9	0	0	0	0	0	0	0	0	0	0	0	0	0	0	0	0	0	0	0	0	0	0	0	0	0	0	0	0	0	0	0	0	0	0	0	0	0	0	0	0	0	0	0	0	0	0	0	0	0	0	0	0	0	0	0	0	0	0	0	0	0	0	0	0	0	0	0	0	0	0	0	0	0	0.2	0.2	0.2	0.2	0.2	0.2	0.4	0.4	0.6	0.8	1	1.2	1.6	2	2.6	3	3.6	4	5	5.8	7.2	8.7	10.3	12.3	15.1	18.8	23.9	47.7
7765	41.92	9.4	0	20241101	0	17	0	0	0	0	0	0	0	0	0	0	0	0	0	0	0	0	0	0	0	0	0	0	0	0	0	0	0	0	0	0	0	0	0	0	0	0	0	0	0	0	0	0	0	0	0	0	0	0	0	0	0	0	0	0	0	0	0	0	0	0	0	0	0	0	0	0	0	0	0	0	0	0	0.2	0.2	0.2	0.2	0.2	0.2	0.4	0.4	0.6	0.6	0.6	0.8	1	1.2	1.4	1.6	1.9	2.2	2.4	3.4	4.2	4.8	6.2	7.9	10.4	14.8	21	30.8	90.7
7770	41.37	9.18	0	20241101	0	116	0	0	0	0	0	0	0	0	0	0	0	0	0	0	0	0	0	0	0	0	0	0	0	0	0	0	0	0	0	0	0	0	0	0	0	0	0	0	0	0	0	0	0	0	0	0	0	0	0	0	0	0	0	0	0	0	0	0	0	0	0	0.2	0.2	0.2	0.2	0.2	0.2	0.2	0.2	0.2	0.2	0.2	0.2	0.2	0.2	0.2	0.2	0.4	0.4	0.4	0.6	0.6	0.8	1	1.2	1.6	2	2.2	2.8	3.6	4.4	5.2	6.8	7.9	9.7	11.1	13.1	16	18.7	23.1	107.6
7775	42.26	9.54	0	20241101	0	74	0	0	0	0	0	0	0	0	0	0	0	0	0	0	0	0	0	0	0	0	0	0	0	0	0	0	0	0	0	0	0	0	0	0	0	0	0	0	0	0	0	0	0	0	0	0	0	0	0	0	0	0	0	0	0	0	0	0	0	0	0	0	0	0	0	0	0	0	0	0	0	0	0	0	0	0.2	0.2	0.2	0.2	0.2	0.2	0.4	0.4	0.6	0.6	0.8	1	1.2	1.4	1.8	2	2.6	3.7	4.7	5.8	7.9	10.2	12.3	18.7	28.2	213.3
7780	41.51	9.1	0	20241101	0	23	0	0	0	0	0	0	0	0	0	0	0	0	0	0	0	0	0	0	0	0	0	0	0	0	0	0	0	0	0	0	0	0	0	0	0	0	0	0	0	0	0	0	0	0	0	0	0	0	0	0	0	0	0	0	0	0	0	0	0	0	0	0.2	0.2	0.2	0.2	0.2	0.2	0.2	0.2	0.2	0.2	0.2	0.2	0.2	0.2	0.2	0.2	0.2	0.4	0.4	0.6	0.6	0.8	1.2	1.4	1.6	2	2.4	2.9	3.6	3.9	4.9	5.6	6.8	7.8	8.9	11.2	14.2	19.2	24.9	61
7790	42.54	9.49	0	20241101	0	12	0	0	0	0	0	0	0	0	0	0	0	0	0	0	0	0	0	0	0	0	0	0	0	0	0	0	0	0	0	0	0	0	0	0	0	0	0	0	0	0	0	0	0	0	0	0	0	0	0	0	0	0	0	0	0	0	0	0	0	0	0	0	0	0	0	0	0	0	0	0	0.2	0.2	0.2	0.2	0.2	0.2	0.2	0.2	0.2	0.2	0.2	0.4	0.4	0.6	0.8	1	1	1.4	1.8	2.4	3	3.8	4.4	5.6	6.9	9.3	11.5	14.3	18.4	30.6	71.9
_0700736	43.99	17.28	0	20241101	0	99999	0	0	0	0	0	0	0	0	0	0	0	0	0	0	0	0	0	0	0	0	0	0	0	0	0	0	0	0	0	0	0	0	0	0	0	0	0	0	0	0	0	0	0	0	0	0	0	0	0	0	0	0	0	0	0	0.1	0.1	0.1	0.1	0.1	0.1	0.2	0.2	0.2	0.3	0.3	0.4	0.4	0.5	0.6	0.7	0.9	1	1.1	1.3	1.6	1.8	2	2.4	2.7	3.2	3.6	4	4.8	5.1	5.7	6.2	6.9	7.5	8.5	9.6	12.1	13.5	14.7	16.6	18.4	21.4	25	29.1	35.3	90.6
_070099f	44.76	15.96	0	20241101	0	99999	0	0	0	0	0	0	0	0	0	0	0	0	0	0	0	0	0	0	0	0	0	0	0	0	0	0	0	0	0	0	0	0	0	0	0	0	0	0	0	0	0	0	0	0	0	0	0	0	0	0	0	0	0	0	0	0	0	0	0	0	0	0	0	0	0	0	0.1	0.1	0.1	0.2	0.3	0.4	0.5	0.7	0.8	1	1.3	1.7	2	2.3	2.6	3.1	3.5	4.1	4.6	5.2	5.7	6.3	7	8.3	9	9.8	11.4	12.7	14	16.1	19.5	23.3	26.3	35.8	74
_070281c	43.58	18.8	0	20241101	0	99999	0	0	0	0	0	0	0	0	0	0	0	0	0	0	0	0	0	0	0	0	0	0	0	0	0	0	0	0	0	0	0	0	0	0	0	0	0	0	0	0	0	0	0	0	0	0	0	0	0	0	0	0	0	0	0.1	0.1	0.1	0.1	0.1	0.1	0.1	0.1	0.2	0.2	0.2	0.2	0.3	0.3	0.4	0.4	0.5	0.7	0.7	0.8	1	1.1	1.3	1.4	1.7	2	2.2	2.5	2.7	3.1	3.3	3.6	4.1	4.6	5.1	5.4	6	6.8	7.5	8.4	9.4	11.1	12.7	15.8	18.7	23.7	58.1
_0703033	43.73	18.92	0	20241101	0	99999	0	0	0	0	0	0	0	0	0	0	0	0	0	0	0	0	0	0	0	0	0	0	0	0	0	0	0	0	0	0	0	0	0	0	0	0	0	0	0	0	0	0	0	0	0	0	0	0	0	0	0	0	0	0	0.1	0.1	0.1	0.1	0.1	0.1	0.1	0.2	0.2	0.2	0.3	0.3	0.4	0.5	0.6	0.7	0.8	1	1.2	1.3	1.5	1.6	1.9	2.2	2.4	2.5	2.8	3.1	3.4	3.6	4.1	4.5	5.2	6.1	6.8	7.5	8.2	9.2	10.3	11.3	12.2	13.6	16.3	19.3	23.2	28.5	220.4
_0703910	44.61	16.64	0	20241101	0	99999	0	0	0	0	0	0	0	0	0	0	0	0	0	0	0	0	0	0	0	0	0	0	0	0	0	0	0	0	0	0	0	0	0	0	0	0	0	0	0	0	0	0	0	0	0	0	0	0	0	0	0	0	0	0	0	0	0	0	0	0	0	0	0	0	0.1	0.1	0.1	0.2	0.2	0.3	0.4	0.4	0.6	0.8	0.9	1	1.4	1.7	1.9	2.2	2.7	3.1	3.6	4.1	4.4	4.9	5.4	6.1	6.9	7.5	8.2	8.7	9.5	10.5	12.2	14.6	16.9	19.5	26.2	34.6	62.8
_07042bd	44	18.17	0	20241101	0	99999	0	0	0	0	0	0	0	0	0	0	0	0	0	0	0	0	0	0	0	0	0	0	0	0	0	0	0	0	0	0	0	0	0	0	0	0	0	0	0	0	0	0	0	0	0	0	0	0	0	0	0	0	0	0	0	0	0	0	0	0	0.1	0.1	0.1	0.1	0.1	0.1	0.1	0.2	0.2	0.2	0.3	0.4	0.5	0.5	0.6	0.8	1	1.2	1.4	1.6	1.9	2.2	2.6	3	3.3	3.8	4.3	4.8	5.4	5.9	6.6	7.3	7.9	8.9	11.4	12.4	13.6	17.1	20.2	30.4	64
_0705fc1	44	17.5	0	20241101	0	99999	0	0	0	0	0	0	0	0	0	0	0	0	0	0	0	0	0	0	0	0	0	0	0	0	0	0	0	0	0	0	0	0	0	0	0	0	0	0	0	0	0	0	0	0	0	0	0	0	0	0	0	0	0	0	0.1	0.1	0.1	0.1	0.1	0.1	0.1	0.1	0.1	0.1	0.2	0.2	0.2	0.2	0.2	0.3	0.3	0.4	0.4	0.5	0.6	0.8	1	1.1	1.3	1.5	1.7	2	2.4	2.7	3.3	3.7	4.2	4.6	5.6	5.9	6.5	7.2	8.4	9.8	11.2	12.2	14.4	18	21.8	29.3	49.6
_07065cb	44.55	18.09	0	20241101	0	99999	0	0	0	0	0	0	0	0	0	0	0	0	0	0	0	0	0	0	0	0	0	0	0	0	0	0	0	0	0	0	0	0	0	0	0	0	0	0	0	0	0	0	0	0	0	0	0	0	0	0	0	0	0	0	0	0	0.1	0.1	0.1	0.1	0.1	0.1	0.2	0.2	0.2	0.3	0.3	0.4	0.5	0.6	0.6	0.8	0.8	1	1.1	1.3	1.5	1.8	2.3	2.5	2.9	3.2	3.4	3.7	4	4.5	5	5.4	6	6.7	7.8	8.5	9.7	11	12.1	13.6	15.2	17.5	20.6	29.5	83.8
_07066aa	43.86	17.68	0	20241101	0	99999	0	0	0	0	0	0	0	0	0	0	0	0	0	0	0	0	0	0	0	0	0	0	0	0	0	0	0	0	0	0	0	0	0	0	0	0	0	0	0	0	0	0	0	0	0	0	0	0	0	0	0	0	0	0	0	0	0	0.1	0.1	0.1	0.1	0.1	0.2	0.2	0.2	0.3	0.3	0.4	0.5	0.6	0.7	0.8	0.9	1.1	1.4	1.5	1.6	1.9	2.2	2.5	2.9	3.2	3.5	4	4.3	4.9	5.6	6.3	6.8	7.3	8.2	9.4	10.9	12.1	14.1	16.1	17.4	21.2	26.5	33.8	53.4
_0706ce5	43.94	17.58	0	20241101	0	99999	0	0	0	0	0	0	0	0	0	0	0	0	0	0	0	0	0	0	0	0	0	0	0	0	0	0	0	0	0	0	0	0	0	0	0	0	0	0	0	0	0	0	0	0	0	0	0	0	0	0	0	0	0	0	0	0	0	0	0.1	0.1	0.1	0.1	0.1	0.1	0.1	0.2	0.2	0.2	0.3	0.4	0.5	0.5	0.6	0.7	0.8	0.9	1.2	1.4	1.6	1.8	2.2	2.5	3	3.4	3.9	4.5	4.9	5.5	5.9	6.7	8.2	9	10	11.6	13.3	15.3	18	20.8	27	33.1	61.1
_0706e7c	44.01	18.44	0	20241101	0	99999	0	0	0	0	0	0	0	0	0	0	0	0	0	0	0	0	0	0	0	0	0	0	0	0	0	0	0	0	0	0	0	0	0	0	0	0	0	0	0	0	0	0	0	0	0	0	0	0	0	0	0	0	0	0	0	0	0	0	0.1	0.1	0.1	0.1	0.2	0.2	0.3	0.3	0.4	0.5	0.6	0.7	0.8	0.9	1.1	1.3	1.4	1.6	1.7	1.9	2.1	2.4	2.7	3	3.5	4	4.3	5	5.5	5.9	6.7	7.1	7.9	8.7	9.9	10.9	11.8	13.7	16	17.8	20.7	27.4	45.9
_0706ef9	43.95	18.08	0	20241101	0	99999	0	0	0	0	0	0	0	0	0	0	0	0	0	0	0	0	0	0	0	0	0	0	0	0	0	0	0	0	0	0	0	0	0	0	0	0	0	0	0	0	0	0	0	0	0	0	0	0	0	0	0	0	0	0	0	0	0	0	0	0	0.1	0.1	0.1	0.1	0.1	0.1	0.2	0.2	0.3	0.4	0.4	0.5	0.7	0.8	0.9	1.1	1.3	1.4	1.6	1.9	2.1	2.4	2.8	3	3.3	3.7	4.3	5	5.4	6.2	7.1	7.7	8.4	9.3	10.6	12.7	14.2	16.7	21.4	30.6	69.2
_07077dd	43.66	18.98	0	20241101	0	99999	0	0	0	0	0	0	0	0	0	0	0	0	0	0	0	0	0	0	0	0	0	0	0	0	0	0	0	0	0	0	0	0	0	0	0	0	0	0	0	0	0	0	0	0	0	0	0	0	0	0	0	0	0	0	0	0	0	0	0	0	0.1	0.1	0.1	0.1	0.1	0.1	0.2	0.2	0.3	0.4	0.5	0.6	0.7	0.8	0.9	1.1	1.2	1.4	1.6	1.8	2	2.3	2.6	2.9	3.3	3.5	4.1	4.5	5	5.8	6.2	7.2	8.2	9.3	11.1	12.7	14.4	17.5	21.2	28.8	178.7
_0707cbf	44.71	18.32	0	20241101	0	99999	0	0	0	0	0	0	0	0	0	0	0	0	0	0	0	0	0	0	0	0	0	0	0	0	0	0	0	0	0	0	0	0	0	0	0	0	0	0	0	0	0	0	0	0	0	0	0	0	0	0	0	0	0	0	0	0	0	0	0	0	0.1	0.1	0.1	0.1	0.1	0.2	0.2	0.2	0.3	0.4	0.4	0.5	0.6	0.7	0.9	1	1.1	1.3	1.5	1.8	2.1	2.5	2.8	3.2	3.5	3.8	4.1	4.6	5.2	5.4	6.2	6.7	8.3	9.5	10.7	12.3	14.2	16.6	20.7	24.9	44
_070943e	44.59	18.96	0	20241101	0	99999	0	0	0	0	0	0	0	0	0	0	0	0	0	0	0	0	0	0	0	0	0	0	0	0	0	0	0	0	0	0	0	0	0	0	0	0	0	0	0	0	0	0	0	0	0	0	0	0	0	0	0	0	0	0	0	0.1	0.1	0.1	0.1	0.1	0.1	0.1	0.2	0.2	0.2	0.2	0.3	0.3	0.4	0.4	0.5	0.5	0.6	0.7	0.8	0.9	1.1	1.3	1.5	1.7	2	2.3	2.6	3.1	3.3	3.6	4.3	4.9	5.9	7	7.7	8.4	9.1	10.3	11.8	13.8	15.1	17.3	23.6	31.6	121.2
_0709f4d	44.04	17.69	0	20241101	0	99999	0	0	0	0	0	0	0	0	0	0	0	0	0	0	0	0	0	0	0	0	0	0	0	0	0	0	0	0	0	0	0	0	0	0	0	0	0	0	0	0	0	0	0	0	0	0	0	0	0	0	0	0	0	0	0	0	0	0.1	0.1	0.1	0.1	0.1	0.2	0.2	0.3	0.3	0.4	0.5	0.6	0.7	0.8	1	1.1	1.2	1.4	1.6	1.8	2	2.4	2.6	2.9	3.2	3.7	4.2	4.5	4.9	5.4	6	6.7	7.4	8.1	9.1	9.8	10.9	12.1	13.5	16	18.8	23	29.1	67.8
_070a28d	44.36	17.33	0	20241101	0	99999	0	0	0	0	0	0	0	0	0	0	0	0	0	0	0	0	0	0	0	0	0	0	0	0	0	0	0	0	0	0	0	0	0	0	0	0	0	0	0	0	0	0	0	0	0	0	0	0	0	0	0	0	0	0	0	0	0	0	0	0	0.1	0.1	0.1	0.1	0.1	0.2	0.2	0.3	0.3	0.3	0.4	0.5	0.6	0.7	0.8	1	1.2	1.3	1.5	1.8	2.1	2.5	2.9	3.3	3.6	4	4.5	5	5.2	6	7.3	8.2	9	9.9	11.1	13.2	16.1	17.9	20.9	26.6	48
_070b223	44.21	17.42	0	20241101	0	99999	0	0	0	0	0	0	0	0	0	0	0	0	0	0	0	0	0	0	0	0	0	0	0	0	0	0	0	0	0	0	0	0	0	0	0	0	0	0	0	0	0	0	0	0	0	0	0	0	0	0	0	0	0	0	0	0	0	0	0	0.1	0.1	0.1	0.1	0.1	0.2	0.2	0.2	0.2	0.3	0.4	0.5	0.5	0.6	0.8	0.9	1	1.3	1.5	1.6	1.9	2.2	2.4	2.6	2.8	3.3	3.8	4.4	5.2	5.6	6.2	6.8	8.1	9.3	10.6	11.6	13	15.4	19	22	27.7	58.3
_070bafc	44.1	17.49	0	20241101	0	99999	0	0	0	0	0	0	0	0	0	0	0	0	0	0	0	0	0	0	0	0	0	0	0	0	0	0	0	0	0	0	0	0	0	0	0	0	0	0	0	0	0	0	0	0	0	0	0	0	0	0	0	0	0	0	0	0	0	0.1	0.1	0.1	0.1	0.1	0.1	0.1	0.1	0.2	0.2	0.2	0.3	0.3	0.4	0.4	0.5	0.6	0.7	0.8	1	1.1	1.3	1.5	1.9	2.1	2.4	2.6	3.1	3.6	4.1	4.5	5.2	5.5	6.3	7.2	7.9	9	10	11.5	13.9	15.6	20	27.6	41.8
_070be74	44.42	18.01	0	20241101	0	99999	0	0	0	0	0	0	0	0	0	0	0	0	0	0	0	0	0	0	0	0	0	0	0	0	0	0	0	0	0	0	0	0	0	0	0	0	0	0	0	0	0	0	0	0	0	0	0	0	0	0	0	0	0	0	0	0	0	0	0	0	0	0.1	0.1	0.1	0.1	0.2	0.3	0.3	0.4	0.5	0.5	0.7	0.8	1	1.2	1.5	1.6	1.8	2.1	2.3	2.5	2.8	3.2	3.6	4	4.4	4.9	5.4	5.9	6.9	7.6	8.8	9.8	11	12.9	14.9	17.1	20.5	24.4	29.4	75.8
_070c321	44.8	16.54	0	20241101	0	99999	0	0	0	0	0	0	0	0	0	0	0	0	0	0	0	0	0	0	0	0	0	0	0	0	0	0	0	0	0	0	0	0	0	0	0	0	0	0	0	0	0	0	0	0	0	0	0	0	0	0	0	0	0	0	0	0	0	0.1	0.1	0.2	0.3	0.3	0.4	0.5	0.6	0.7	0.8	1	1.2	1.3	1.5	1.7	1.8	1.9	2.1	2.3	2.5	2.6	2.8	3	3.2	3.5	3.8	4.2	4.7	5	5.6	6.2	6.8	7.8	8.8	9.2	10	11.7	13.7	15	18	20.6	29.1	37.8	99.2
_070c9b7	44.23	17.66	0	20241101	0	99999	0	0	0	0	0	0	0	0	0	0	0	0	0	0	0	0	0	0	0	0	0	0	0	0	0	0	0	0	0	0	0	0	0	0	0	0	0	0	0	0	0	0	0	0	0	0	0	0	0	0	0	0	0	0.1	0.1	0.1	0.1	0.1	0.1	0.1	0.1	0.1	0.2	0.2	0.2	0.3	0.4	0.4	0.5	0.6	0.6	0.7	0.8	0.9	1.1	1.3	1.5	1.7	1.9	2.2	2.3	2.6	2.8	3.2	3.5	4.1	4.7	5.1	5.6	6.5	7.1	8.4	9	10.5	11.6	13.9	16.3	17.8	22	24.9	49.6
_070d0f2	44.23	18.7	0	20241101	0	99999	0	0	0	0	0	0	0	0	0	0	0	0	0	0	0	0	0	0	0	0	0	0	0	0	0	0	0	0	0	0	0	0	0	0	0	0	0	0	0	0	0	0	0	0	0	0	0	0	0	0	0	0	0	0	0	0	0	0	0	0.1	0.1	0.1	0.2	0.2	0.3	0.4	0.5	0.6	0.7	0.8	0.9	1	1.2	1.4	1.6	1.7	2	2.2	2.6	2.8	3.1	3.4	3.7	4	4.6	5	5.6	6.3	6.8	7.5	8.5	9.4	10	11.5	12.4	14	15.2	18	22.6	28.3	46.4
_070d3cd	43.89	17.58	0	20241101	0	99999	0	0	0	0	0	0	0	0	0	0	0	0	0	0	0	0	0	0	0	0	0	0	0	0	0	0	0	0	0	0	0	0	0	0	0	0	0	0	0	0	0	0	0	0	0	0	0	0	0	0	0	0	0	0	0	0	0	0.1	0.1	0.1	0.1	0.1	0.1	0.1	0.1	0.2	0.2	0.3	0.3	0.4	0.4	0.6	0.7	0.8	0.9	1.1	1.2	1.5	1.7	1.9	2.2	2.7	3	3.6	4	4.4	4.9	5.2	5.8	6.4	7.3	8.7	9.7	11.2	12.9	14.3	16.9	19.7	27.1	34.2	59.5
_070d423	43.88	18.48	0	20241101	0	99999	0	0	0	0	0	0	0	0	0	0	0	0	0	0	0	0	0	0	0	0	0	0	0	0	0	0	0	0	0	0	0	0	0	0	0	0	0	0	0	0	0	0	0	0	0	0	0	0	0	0	0	0	0	0	0	0	0	0.1	0.1	0.1	0.2	0.2	0.3	0.4	0.4	0.5	0.6	0.7	0.8	0.9	1	1.1	1.3	1.5	1.8	2	2.2	2.5	2.8	3	3.3	3.5	4	4.2	4.6	5.3	5.8	6.1	6.7	7.7	8.4	9.6	10.2	11.6	13.1	14.4	16	18.7	22	27.1	54.3
_070d833	44.61	17.99	0	20241101	0	99999	0	0	0	0	0	0	0	0	0	0	0	0	0	0	0	0	0	0	0	0	0	0	0	0	0	0	0	0	0	0	0	0	0	0	0	0	0	0	0	0	0	0	0	0	0	0	0	0	0	0	0	0	0	0	0	0	0	0	0	0.1	0.1	0.1	0.2	0.2	0.2	0.3	0.3	0.4	0.5	0.5	0.6	0.7	0.8	1	1.1	1.2	1.5	1.8	2.1	2.4	2.6	2.9	3.3	3.7	4.2	4.7	5.2	6	6.7	7.4	8	8.8	9.9	10.8	11.9	14.4	16.7	18.8	21.1	30.7	67.9
_070d9ad	44.31	17.57	0	20241101	0	99999	0	0	0	0	0	0	0	0	0	0	0	0	0	0	0	0	0	0	0	0	0	0	0	0	0	0	0	0	0	0	0	0	0	0	0	0	0	0	0	0	0	0	0	0	0	0	0	0	0	0	0	0	0	0	0.1	0.1	0.1	0.2	0.2	0.2	0.3	0.3	0.5	0.5	0.6	0.7	0.8	0.9	1	1.1	1.3	1.5	1.7	1.9	2.1	2.3	2.5	2.8	3.2	3.6	4	4.4	4.7	5.4	6	7	7.5	8.8	9.8	10.2	11.2	11.6	12.7	13.6	14.8	16.2	17.8	21.1	26.5	33	71.9
_070e9e6	44.26	18.58	0	20241101	0	99999	0	0	0	0	0	0	0	0	0	0	0	0	0	0	0	0	0	0	0	0	0	0	0	0	0	0	0	0	0	0	0	0	0	0	0	0	0	0	0	0	0	0	0	0	0	0	0	0	0	0	0	0	0	0	0	0	0	0	0	0	0.1	0.1	0.1	0.2	0.2	0.3	0.4	0.5	0.6	0.7	0.8	1	1.2	1.4	1.5	1.8	2	2.2	2.4	2.7	2.9	3.1	3.5	3.8	4.2	4.9	5.6	6.2	7.1	7.8	8.5	9.2	10.9	12.3	13.8	15	17.7	19.7	23.3	28.5	59.8
_070f669	43.92	17.53	0	20241101	0	99999	0	0	0	0	0	0	0	0	0	0	0	0	0	0	0	0	0	0	0	0	0	0	0	0	0	0	0	0	0	0	0	0	0	0	0	0	0	0	0	0	0	0	0	0	0	0	0	0	0	0	0	0	0	0	0	0	0	0	0	0	0	0	0	0.1	0.1	0.1	0.2	0.2	0.2	0.3	0.4	0.4	0.5	0.6	0.7	0.8	1.1	1.2	1.5	1.8	2.1	2.5	2.9	3.4	3.6	4.2	4.6	5.2	5.5	6.2	6.6	7.7	8.7	9.6	11.3	12.7	15	17.1	25.2	29.3	53.3
_070fb2a	43.72	18.28	0	20241101	0	99999	0	0	0	0	0	0	0	0	0	0	0	0	0	0	0	0	0	0	0	0	0	0	0	0	0	0	0	0	0	0	0	0	0	0	0	0	0	0	0	0	0	0	0	0	0	0	0	0	0	0	0	0	0	0	0.1	0.1	0.1	0.2	0.2	0.3	0.3	0.4	0.4	0.5	0.6	0.8	0.9	1.1	1.3	1.4	1.6	1.7	1.9	2.1	2.4	2.7	2.9	3.2	3.7	4.1	4.4	4.9	5.4	6	6.7	7.5	8.1	8.9	9.7	11.9	12.6	14	15.4	17.8	19.8	22.2	26.5	31.9	37.3	48.6	82.2
_070fba7	44.16	18.33	0	20241101	0	99999	0	0	0	0	0	0	0	0	0	0	0	0	0	0	0	0	0	0	0	0	0	0	0	0	0	0	0	0	0	0	0	0	0	0	0	0	0	0	0	0	0	0	0	0	0	0	0	0	0	0	0	0	0	0	0	0	0.1	0.1	0.1	0.1	0.2	0.2	0.3	0.3	0.4	0.5	0.6	0.8	0.9	1	1.1	1.2	1.5	1.7	1.9	2.1	2.3	2.5	2.7	3	3.3	3.6	3.9	4.4	4.9	5.6	6	6.8	7.2	8	8.6	10.1	11	12.8	14.8	16.5	18.4	20.5	24.1	29.3	74.6
_070ff49	44.13	18.12	0	20241101	0	99999	0	0	0	0	0	0	0	0	0	0	0	0	0	0	0	0	0	0	0	0	0	0	0	0	0	0	0	0	0	0	0	0	0	0	0	0	0	0	0	0	0	0	0	0	0	0	0	0	0	0	0	0	0	0	0	0	0	0	0	0	0	0	0.1	0.1	0.1	0.1	0.1	0.2	0.2	0.2	0.3	0.4	0.5	0.5	0.6	0.7	0.8	0.9	1	1.2	1.6	1.8	2.1	2.3	2.7	3.1	3.5	4	4.6	5.4	6	6.8	7.5	8.5	9.9	11.2	13.5	15.8	18.9	23.3	276.4
_75605cf	46.34	8.98	0	20241101	0	99999	0	0	0	0	0	0	0	0	0	0	0	0	0	0	0	0	0	0	0	0	0	0	0	0	0	0	0	0	0	0	0	0	0	0	0	0	0	0	0	0	0	0	0	0	0	0	0	0	0	0	0	0	0	0	0	0	0	0	0	0	0	0	0	0	0	0	0.1	0.1	0.2	0.3	0.3	0.5	0.6	0.7	0.9	1.1	1.3	1.5	1.7	2	2.3	2.6	3.2	3.9	4.5	5.9	6.5	7.3	8.4	9.9	11.2	12.8	14	17	19.8	22.2	27.2	34.1	41.2	51.5	259.1
