#GEO
#FORMAT NCOLS
#COLUMNS
stnid	latitude	longitude	level	date	time	height	values	
# Missing values represented by 3e+38 (not user-changeable)
#METADATA
Parameter = Annual mean climatology for total precipitation (Italy)
Period = All months, 2016–2025
Time window = 1 day(s)
#DATA
11127	46.87	11.02	0	20250401	0	1939	2.6
11201	46.75	12.42	0	20250401	0	1084	3.1
11204	46.83	12.81	0	20250401	0	668	2.6
11213	46.62	13.87	0	20250401	0	495	3.2
11214	46.94	14.91	0	20250401	0	1036	2.6
11225	46.85	14.19	0	20250401	0	712	2.5
11227	46.72	14.1	0	20250401	0	546	2.9
11229	46.76	14.83	0	20250401	0	404	2.1
11231	46.64	14.34	0	20250401	0	476	4.6
11232	46.56	14.77	0	20250401	0	531	3.1
11234	46.49	14.59	0	20250401	0	619	3.5
11240	46.99	15.44	0	20250401	0	363	3.9
11244	46.87	15.9	0	20250401	0	271	2.2
11252	47	12.46	0	20250401	0	1193	2.4
11255	46.68	13	0	20250401	0	711	3.8
11260	46.99	13.17	0	20250401	0	1201	3.2
11263	46.72	13.29	0	20250401	0	956	3.6
11265	46.6	13.67	0	20250401	0	2160	3.7
11270	46.74	13.08	0	20250401	0	627	3.4
11272	46.79	13.49	0	20250401	0	544	3.2
11275	46.73	13.85	0	20250401	0	892	3
11278	46.63	14.17	0	20250401	0	453	2.9
11285	46.82	15.23	0	20250401	0	355	2.5
11296	46.77	15.55	0	20250401	0	266	2.4
11298	46.95	15.88	0	20250401	0	320	2.1
11310	46.98	10.32	0	20250401	0	2319	2.7
11312	46.97	10.19	0	20250401	0	1577	2.6
11316	46.93	10.88	0	20250401	0	2848	3
11331	46.65	14.32	0	20250401	0	452	2.6
12910	46.92	16.32	0	20250401	0	313	2
12915	46.87	16.8	0	20250401	0	241	1.8
12920	46.7356	17.2386	0	20250401	0	99999	1.8
12922	46.68	17.17	0	20250401	0	125	1.8
12925	46.45	16.97	0	20250401	0	141	1.9
12930	46.36	17.87	0	20250401	0	99999	1.7
12935	46.92	18.05	0	20250401	0	109	1.4
12942	46	18.23	0	20250401	0	203	1.7
12950	46.58	18.85	0	20250401	0	98	1.5
13459	42.77	18.95	0	20250401	0	647	5.5
14014	46.22	14.48	0	20250401	0	383	3.7
14235	45.91	15.97	0	20250401	0	992	3.4
14240	45.82	16.03	0	20250401	0	128	2.5
14241	45.73	16.05	0	20250401	0	109	2.5
14256	45.88	17.2	0	20250401	0	263	2.2
14280	45.5	18.56	0	20250401	0	89	1.9
14284	45.47	18.81	0	20250401	0	89	1.9
14307	44.9	13.93	0	20250401	0	63	2.9
14317	45.22	14.58	0	20250401	0	83	4
14365	45.22	17.28	0	20250401	0	135	2.5
14370	45.16	18	0	20250401	0	89	2.1
14382	45.16	18.7	0	20250401	0	98	1.9
14431	44.1	15.36	0	20250401	0	83	2.7
14444	43.54	16.3	0	20250401	0	21	2.5
14445	43.51	16.43	0	20250401	0	128	2.1
14474	42.56	18.27	0	20250401	0	167	3.1
14542	44.78	17.22	0	20250401	0	156	2.8
14549	44.22	17.9	0	20250401	0	348	1.8
14557	44.55	18.7	0	20250401	0	307	2.3
14648	43.35	17.8	0	20250401	0	108	3.7
14652	43.72	18.27	0	20250401	0	2070	2.9
14654	43.87	18.43	0	20250401	0	638	2.5
14657	42.92	17.6	0	20250401	0	14	1.8
16008	46.76	10.53	0	20250401	0	1461	1.6
16014	46.88	11.44	0	20250401	0	922	2.1
16020	46.46	11.33	0	20250401	0	241	2.1
16021	46.3	11.79	0	20250401	0	2006	2.2
16022	46.16	11.03	0	20250401	0	2129	3.3
16023	46.02	11.13	0	20250401	0	190	2.3
16033	46.73	12.22	0	20250401	0	1226	2.3
16045	45.98	13.05	0	20250401	0	99999	3
16054	45.73	7.35	0	20250401	0	552	1
16058	44.93	6.82	0	20250401	0	1401	1.9
16059	45.2	7.65	0	20250401	0	287	2.1
16060	45.13	7.62	0	20250401	0	278	2.4
16061	45.03	7.73	0	20250401	0	710	1.9
16066	45.63	8.72	0	20250401	0	212	2.6
16076	45.67	9.7	0	20250401	0	237	3.2
16080	45.45	9.28	0	20250401	0	103	2.2
16088	45.42	10.28	0	20250401	0	97	2.6
16089	45.46	10.56	0	20250401	0	66	0.8
16090	45.39	10.87	0	20250401	0	68	2.2
16098	45.68	12.11	0	20250401	0	42	2
16099	45.65	12.18	0	20250401	0	23	2.3
16101	45.43	12.38	0	20250401	0	6	2.2
16105	45.51	12.35	0	20250401	0	6	2.5
16107	45.76	12.86	0	20250401	0	3	0
16108	45.83	13.47	0	20250401	0	11	3
16110	45.68	13.75	0	20250401	0	4	2.3
16111	44.24	8.2	0	20250401	0	1383	3
16120	44.41	8.84	0	20250401	0	3	2.9
16123	44.33	9.35	0	20250401	0	31	2.5
16129	44.07	9.82	0	20250401	0	522	2
16132	44.53	11.29	0	20250401	0	53	1.7
16133	44.82	11.61	0	20250401	0	11	2
16134	44.19	10.7	0	20250401	0	2173	1.5
16140	44.53	11.3	0	20250401	0	37	1.5
16146	44.44	12.3	0	20250401	0	6	0.6
16148	44.23	12.29	0	20250401	0	10	1.6
16149	44.02	12.61	0	20250401	0	13	1.7
16158	43.68	10.4	0	20250401	0	6	2.5
16170	43.81	11.2	0	20250401	0	38	2.2
16171	43.79	11.22	0	20250401	0	19	1.7
16172	43.46	11.85	0	20250401	0	249	1.5
16179	43.52	12.73	0	20250401	0	574	2.9
16190	43.61	13.53	0	20250401	0	143	0.5
16191	43.62	13.36	0	20250401	0	15	1.9
16206	42.75	11.06	0	20250401	0	7	0.9
16214	42.03	11.83	0	20250401	0	4	0.6
16217	42.47	12.34	0	20250401	0	76	63.6
16219	42.47	12.98	0	20250401	0	1875	2.3
16224	42.08	12.21	0	20250401	0	266	2.3
16230	42.44	14.19	0	20250401	0	11	1.3
16231	42.42	14.21	0	20250401	0	181	1.8
16239	41.81	12.58	0	20250401	0	105	1.7
16242	41.8	12.24	0	20250401	0	3	1.6
16245	41.66	12.45	0	20250401	0	22	0.6
16252	41.56	14.65	0	20250401	0	807	2.1
16253	41.06	14.08	0	20250401	0	10	2.3
16258	41.71	15.95	0	20250401	0	848	1.6
16261	41.54	15.71	0	20250401	0	60	1.3
16263	41.05	15.23	0	20250401	0	1093	3.5
16266	41.89	16.16	0	20250401	0	5	1.3
16270	41.14	16.77	0	20250401	0	49	1.2
16271	41.12	16.88	0	20250401	0	12	0.9
16280	40.91	12.96	0	20250401	0	185	3.3
16288	41.07	14.32	0	20250401	0	63	2.4
16289	40.88	14.29	0	20250401	0	72	2.1
16294	40.56	14.2	0	20250401	0	161	2.1
16310	40.025	15.2803	0	20250401	0	185	0
16312	40.77	16.94	0	20250401	0	352	1.4
16314	40.68	16.66	0	20250401	0	498	1.8
16318	40.64	17.21	0	20250401	0	415	0.8
16320	40.66	17.95	0	20250401	0	10	1.5
16325	40.42	16.89	0	20250401	0	12	1.3
16332	40.24	18.14	0	20250401	0	53	1.7
16334	40.11	18.51	0	20250401	0	81	2
16344	39.33	16.4	0	20250401	0	1677	3.3
16360	39.81	18.34	0	20250401	0	112	1.6
16362	38.91	16.24	0	20250401	0	16	3.6
16364	38.76	16.37	0	20250401	0	998	3.7
16365	38.91	16.6	0	20250401	0	334	2.2
16405	38.18	13.1	0	20250401	0	34	1.4
16415	38.58	14.87	0	20250401	0	47	1.1
16416	38.8	15.23	0	20250401	0	77	3.3
16420	38.2	15.55	0	20250401	0	54	4
16422	38.07	15.65	0	20250401	0	21	1.4
16429	37.91	12.49	0	20250401	0	9	1.1
16436	37.51	13.13	0	20250401	0	126	0.4
16450	37.57	14.28	0	20250401	0	1003	0.6
16459	37.41	14.92	0	20250401	0	29	1
16460	37.47	15.06	0	20250401	0	17	1.2
16464	37.07	15.28	0	20250401	0	3	0.6
16465	36.97	14.96	0	20250401	0	640	0.1
16469	37.93	16.06	0	20250401	0	119	2.5
16520	40.63	8.29	0	20250401	0	40	1.6
16522	40.56	8.16	0	20250401	0	204	1.2
16531	40.9	9.52	0	20250401	0	13	1.3
16532	40.85	9.18	0	20250401	0	1364	0.3
16546	39.35	8.97	0	20250401	0	24	1
16550	39.93	9.71	0	20250401	0	150	1.6
16560	39.24	9.06	0	20250401	0	2	1.2
16564	39.1	9.51	0	20250401	0	118	8.7
36000138	45.87583	18.47028	0	20250401	0	103	1.7
36000147	46.13056	18.77833	0	20250401	0	85	1.8
36000159	45.79056	18.20556	0	20250401	0	88	1.7
36000164	46.63472	17.255	0	20250401	0	107	1.9
36000181	45.82833	18.09972	0	20250401	0	94	1.7
36000199	45.96861	18.77944	0	20250401	0	86	1.9
36000200	46.355	16.87778	0	20250401	0	131	2
36000201	46.23722	17.36528	0	20250401	0	126	2.1
36000205	46.83333	17.14	0	20250401	0	259	2
36000217	46.38194	18.71778	0	20250401	0	89	1.7
36000218	46.035	18.00722	0	20250401	0	122	1.8
36000235	45.87583	18.47028	0	20250401	0	103	1.8
39000001	46.19389	11.10306	0	20250401	0	189	2.8
39000002	46.28444	11.48	0	20250401	0	840	2.4
39000003	46.39333	11.66667	0	20250401	0	1206	2.9
39000006	45.18062	9.146664	0	20250401	0	71	2
39000007	46.15032	9.412264	0	20250401	0	199	3.2
39000008	45.98581	10.25975	0	20250401	0	994	4.3
39000010	45.97746	10.10276	0	20250401	0	746	5.5
39000011	45.97361	9.538886	0	20250401	0	982	5.8
39000012	45.94611	9.672774	0	20250401	0	510	5.5
39000013	45.5788	7.123393	0	20250401	0	1800	2.5
39000015	46.2929	9.88452	0	20250401	0	2151	3.7
39000017	46.45356	10.30595	0	20250401	0	2300	3.4
39000018	46.12968	10.14826	0	20250401	0	1950	4.3
39000019	46.04222	11.30917	0	20250401	0	1520	3.6
39000020	46.177	10.47282	0	20250401	0	2108	4.7
39000021	46.03852	9.793799	0	20250401	0	1954	4.8
39000022	45.8139	6.99583	0	20250401	0	1965	3
39000023	46.07361	11.47167	0	20250401	0	669	3.2
39000024	46.47731	10.18873	0	20250401	0	2660	2.6
39000025	46.00306	11.31833	0	20250401	0	436	3.2
39000026	46.05416	11.46	0	20250401	0	390	2.3
39000027	46.00444	11.64472	0	20250401	0	246	3.8
39000028	46.17417	11.83	0	20250401	0	713	3.5
39000029	46.31167	10.76167	0	20250401	0	926	2.4
39000030	46.07639	11.27639	0	20250401	0	603	3.1
39000031	45.86778	11.17139	0	20250401	0	639	4.2
39000032	45.795	11.10083	0	20250401	0	523	3.8
39000033	45.88139	11.02194	0	20250401	0	171	2.9
39000035	46.10222	10.73944	0	20250401	0	645	3.4
39000036	46.04278	10.75	0	20250401	0	505	3.5
39000037	46.03333	10.94694	0	20250401	0	255	2.9
39000040	44.91249	9.194983	0	20250401	0	501	2.2
39000041	44.68378	9.216638	0	20250401	0	1363	3.6
39000042	44.76803	9.239041	0	20250401	0	575	2.7
39000045	45.31908	9.508685	0	20250401	0	64	2.4
39000046	45.71853	9.100368	0	20250401	0	244	4.3
39000047	45.83538	9.232368	0	20250401	0	427	4.8
39000049	45.82026	9.079902	0	20250401	0	200	4.4
39000050	45.39264	10.70629	0	20250401	0	62	2.9
39000051	45.66594	9.956881	0	20250401	0	197	3.6
39000052	45.60972	10.32222	0	20250401	0	428	4
39000053	45.78138	10.26318	0	20250401	0	572	4.5
39000054	45.90332	8.742764	0	20250401	0	294	4.9
39000055	45.84611	8.890543	0	20250401	0	383	5
39000056	45.34142	8.879675	0	20250401	0	94	2.6
39000057	45.71898	9.710185	0	20250401	0	311	4.2
39000058	45.90991	8.618685	0	20250401	0	207	4.8
39000059	45.91099	8.638186	0	20250401	0	950	3.3
39000062	45.39917	9.89027	0	20250401	0	87	2.7
39000063	45.62639	8.823878	0	20250401	0	242	3.7
39000066	45.35656	9.671433	0	20250401	0	103	2.4
39000067	45.66138	9.06639	0	20250401	0	247	3.8
39000068	46.07861	10.29693	0	20250401	0	816	4.2
39000069	46.08055	10.37777	0	20250401	0	1128	4.1
39000070	45.8325	8.823603	0	20250401	0	416	4.7
39000075	42.72972	13.69167	0	20250401	0	389	2
39000076	42.18828	14.21503	0	20250401	0	537	2.4
39000077	42.21819	14.38847	0	20250401	0	315	1.9
39000078	42.34911	14.39181	0	20250401	0	74	2
39000079	42.251	13.88653	0	20250401	0	507	1.9
39000080	42.37192	13.26194	0	20250401	0	820	2.5
39000081	42.29064	13.28956	0	20250401	0	900	3.5
39000083	46.35237	11.96646	0	20250401	0	777	3.8
39000084	42.09567	14.25795	0	20250401	0	250	2.2
39000091	42.54844	13.47781	0	20250401	0	822	3.2
39000107	42.22197	14.14231	0	20250401	0	470	2.5
39000111	46.94278	12.08194	0	20250401	0	1600	3.2
39000129	45.81722	10.54556	0	20250401	0	378	4.3
39000130	45.81722	10.54556	0	20250401	0	378	4.4
39000137	45.6644	7.30889	0	20250401	0	2321	2.1
39000173	45.64965	7.152872	0	20250401	0	1194	1.9
39000267	38.07084	15.47472	0	20250401	0	223	2
39000272	45.54852	8.847322	0	20250401	0	182	3.5
39000277	46.15492	9.792519	0	20250401	0	274	2.9
39000279	45.84814	9.318132	0	20250401	0	1233	4.6
39000281	45.25596	9.963491	0	20250401	0	56	2.4
39000285	45.2468	8.700572	0	20250401	0	106	2
39000287	46.09155	9.110834	0	20250401	0	1100	5.6
39000288	45.6895	8.807691	0	20250401	0	274	3.9
39000291	45.86969	9.639112	0	20250401	0	622	5.2
39000292	46.00746	9.380396	0	20250401	0	456	4.5
39000293	45.18849	10.88713	0	20250401	0	15	2.3
39000299	45.32059	9.267153	0	20250401	0	88	2.4
39000300	46.49442	10.20749	0	20250401	0	2320	2.3
39000301	45.70496	8.988336	0	20250401	0	296	4.1
39000302	45.49678	9.257515	0	20250401	0	120	3.2
39000303	45.54266	9.205604	0	20250401	0	142	3.4
39000304	45.91309	9.497502	0	20250401	0	1234	5.6
39000305	45.78301	9.307096	0	20250401	0	278	4.2
39000306	45.6777	9.388556	0	20250401	0	234	3.8
39000308	46.03825	9.628647	0	20250401	0	1824	4.4
39000309	45.16363	10.05882	0	20250401	0	44	2.3
39000311	45.78421	9.821533	0	20250401	0	361	4.6
39000312	45.78642	9.933043	0	20250401	0	486	4.5
39000314	45.83984	9.511349	0	20250401	0	674	5.5
39000317	46.24144	9.63217	0	20250401	0	943	4.2
39000318	46.2361	9.426654	0	20250401	0	206	3.4
39000319	45.17192	9.488997	0	20250401	0	140	1.9
39000320	46.16755	9.85094	0	20250401	0	307	2.8
39000326	45.71901	9.085488	0	20250401	0	310	4.2
39000328	46.23639	11.18528	0	20250401	0	388	2.8
39000334	46.64778	10.99083	0	20250401	0	546	1.6
39000337	46.70583	10.52111	0	20250401	0	1312	2.1
39000339	41.75171	14.09373	0	20250401	0	816	3.4
39000340	41.85432	14.21122	0	20250401	0	714	1.8
39000342	44.13254	9.7903	0	20250401	0	350	4.4
39000343	46.24139	12.99306	0	20250401	0	750	6.1
39000357	37.56611	13.00667	0	20250401	0	30	1.3
39000405	40.78	14.57333	0	20250401	0	15	2.4
39000503	37.76	12.63361	0	20250401	0	83	1.5
39000737	44.00505	10.27147	0	20250401	0	0	3.7
39000743	44.24686	10.15167	0	20250401	0	0	4.9
39000793	43.84505	10.90764	0	20250401	0	0	4.1
39000813	44.02058	11.33733	0	20250401	0	0	4.1
39001223	45.51456	10.21846	0	20250401	0	0	2.7
39001233	46.24409	10.17332	0	20250401	0	0	2.3
39001237	46.19367	11.10339	0	20250401	0	209	2.6
39001268	38.94639	16.51972	0	20250401	0	556	2.8
39001610	44.3925	6.939722	0	20250401	0	1856	2.4
39001611	44.94917	7.290833	0	20250401	0	832	3.1
39001612	45.3625	7.219444	0	20250401	0	1471	3.6
39001613	44.52222	8.386111	0	20250401	0	438	2.5
39001614	44.58889	8.877778	0	20250401	0	640	4.7
39001615	45.34167	7.519444	0	20250401	0	776	5
39001799	44.56722	8.659722	0	20250401	0	402	3.8
39002401	44.78222	11.37083	0	20250401	0	16	1.9
39002470	44.75194	9.775833	0	20250401	0	360	2.6
39002539	45.44139	8.633333	0	20250401	0	153	2
39002545	40.47972	15.64139	0	20250401	0	801	2.6
39003402	44.384	9.06066	0	20250401	0	174	3
39003412	44.48555	8.97849	0	20250401	0	310	3.8
39003413	44.42846	9.06348	0	20250401	0	430	4.4
39003438	43.03055	12.9175	0	20250401	0	-1	2.5
39003439	43.57445	13.52388	0	20250401	0	-1	2.1
39003440	43.36842	13.07953	0	20250401	0	-1	3
39003441	43.7375	12.96922	0	20250401	0	-1	2.1
39003442	43.61095	13.4498	0	20250401	0	-1	1.9
39003443	43.78058	12.34062	0	20250401	0	-1	2.4
39003444	42.62962	13.29463	0	20250401	0	-1	2.4
39003445	43.6605	13.04638	0	20250401	0	-1	2.1
39003446	43.65342	12.55213	0	20250401	0	-1	2.4
39003447	43.46707	12.64052	0	20250401	0	-1	3.5
39003448	43.02597	13.64595	0	20250401	0	-1	2.1
39003450	43.51215	12.55335	0	20250401	0	-1	2.9
39003451	43.18112	12.97333	0	20250401	0	-1	3.1
39003453	42.99213	13.785	0	20250401	0	-1	2.1
39003467	43.44538	13.11565	0	20250401	0	-1	2.4
39003495	37.98695	14.90583	0	20250401	0	1250	2.9
39003529	42.3325	10.2911	0	20250401	0	0	1
39003532	43.17436	11.54383	0	20250401	0	0	1.8
39003535	43.6733	12.10123	0	20250401	0	0	2.8
39003536	42.79575	10.36011	0	20250401	0	0	1.3
39003538	42.79575	10.36011	0	20250401	0	0	1.7
39003542	41.71444	15.50278	0	20250401	0	30	1.5
39003543	41.56368	15.49955	0	20250401	0	0	1.3
39003545	42.88621	13.16578	0	20250401	0	0	2.9
39003546	46.00444	11.64472	0	20250401	0	246	3.7
39003547	46.17417	11.83	0	20250401	0	713	3.6
39003548	45.73528	10.95694	0	20250401	0	130	2.9
39003550	46.16083	11.74472	0	20250401	0	972	3.5
39003552	46.94278	12.08194	0	20250401	0	1600	2.8
39003553	46.50028	11.80778	0	20250401	0	2967	2.7
39003554	46.47472	11.74445	0	20250401	0	1403	2.9
39003555	46.43389	11.73306	0	20250401	0	2326	1.8
39003558	46.04833	11.40472	0	20250401	0	515	3.1
39003559	46.24111	11.77833	0	20250401	0	2147	3.4
39003561	46.32056	11.01389	0	20250401	0	517	2.7
39003562	46.23778	11.05472	0	20250401	0	263	2.8
39003593	42.85459	11.55586	0	20250401	0	810	3.5
39003624	41.99436	13.80271	0	20250401	0	604	3
39003626	42.54844	13.47781	0	20250401	0	822	3.1
39003633	41.83703	13.9295	0	20250401	0	1560	3.7
39003635	41.95489	14.35646	0	20250401	0	263	2.3
39003636	42.42371	14.16275	0	20250401	0	4	1.8
39003637	42.19947	14.50459	0	20250401	0	14	1.7
39003638	42.62424	13.9212	0	20250401	0	42	1.7
39003639	42.57254	13.99827	0	20250401	0	336	2
39003640	42.30854	14.23437	0	20250401	0	104	2.1
39003641	42.15627	13.82975	0	20250401	0	247	2
39003642	42.21414	13.82234	0	20250401	0	313	1.9
39003643	42.52805	14.12835	0	20250401	0	6	1.6
39003644	42.28241	14.43672	0	20250401	0	149	2
39003645	42.69802	13.8754	0	20250401	0	65	1.7
39003646	42.33413	13.42869	0	20250401	0	595	1.5
39003647	42.64742	13.60281	0	20250401	0	820	2.2
39003648	42.41964	13.51814	0	20250401	0	992	2.3
39003649	42.08236	13.79883	0	20250401	0	958	1.6
39003650	42.53614	13.40639	0	20250401	0	1344	3.2
39003651	42.18996	14.09939	0	20250401	0	1314	4
39003652	42.33349	13.77944	0	20250401	0	895	2.3
39003653	42.03449	14.36822	0	20250401	0	458	2.7
39003654	42.44962	14.24236	0	20250401	0	2	1.7
39003667	44.41141	8.88407	0	20250401	0	18	3.7
39003668	44.12951	9.86892	0	20250401	0	220	2.9
39003669	44.47287	9.45876	0	20250401	0	1520	5.8
39003671	42.22197	14.14231	0	20250401	0	470	2.8
39003678	43.5153	12.62183	0	20250401	0	0	3.5
39003679	44.36694	8.32248	0	20250401	0	358	3.3
39003688	44.07491	10.00899	0	20250401	0	5	3.4
60360	36.83	7.82	0	20250401	0	8	1.7
60419	36.28	6.62	0	20250401	0	692	1.2
6603	46.47	6.82	0	20250401	0	405	3.3
6604	47	6.95	0	20250401	0	485	2.7
6609	46.55	7.02	0	20250401	0	1975	2.9
6610	46.81	6.94	0	20250401	0	490	2.4
6613	46.6	7.66	0	20250401	0	753	3.1
6614	46.12	7.02	0	20250401	0	990	4
6615	46.07	7.23	0	20250401	0	840	2.3
6617	46.98	6.61	0	20250401	0	1050	3.6
6618	46.74	6.57	0	20250401	0	437	2.3
6619	46.84	6.58	0	20250401	0	1206	3.5
6625	46.77	7.11	0	20250401	0	648	2.6
6627	46.48	7.14	0	20250401	0	1030	3.5
6628	46.75	7.27	0	20250401	0	1043	3.4
6631	46.99	7.46	0	20250401	0	555	2.8
6636	46.97	7.28	0	20250401	0	481	2.8
6637	46.73	8.17	0	20250401	0	591	3.6
6638	46.94	7.81	0	20250401	0	747	3.4
6639	47	7.94	0	20250401	0	1405	4.6
6640	46.66	7.07	0	20250401	0	715	3.2
6642	46.63	9.75	0	20250401	0	1408	2.4
6651	46.95	8.01	0	20250401	0	744	3.7
6652	46.89	8.02	0	20250401	0	940	4.8
6653	47	8.52	0	20250401	0	521	4.8
6655	46.82	8.41	0	20250401	0	1036	4.4
6656	46.74	8.06	0	20250401	0	569	3.4
6657	46.85	8.19	0	20250401	0	471	3.3
6659	46.98	8.25	0	20250401	0	2103	5
6663	46.63	9.19	0	20250401	0	1242	3
6668	46.67	8.59	0	20250401	0	1099	3.6
6672	46.89	8.62	0	20250401	0	439	3.2
6682	46.92	9.18	0	20250401	0	960	4.4
6695	46.63	8.58	0	20250401	0	1438	3.1
6700	46.25	6.13	0	20250401	0	413	2.3
6702	46.42	6.1	0	20250401	0	1670	5.4
6703	46.67	6.31	0	20250401	0	1045	3.6
6704	46.52	6.34	0	20250401	0	685	3
6705	46.4	6.23	0	20250401	0	459	2.8
6707	46.62	6.71	0	20250401	0	859	3.4
6708	46.57	6.86	0	20250401	0	829	3.4
6711	46.51	6.67	0	20250401	0	456	3.2
6712	46.33	6.92	0	20250401	0	382	2.7
6713	46.39	7.1	0	20250401	0	1412	4.2
6715	46.18	7.03	0	20250401	0	482	2.5
6716	46.15	7.62	0	20250401	0	1580	2.2
6717	45.87	7.17	0	20250401	0	2487	5.5
6720	46.22	7.33	0	20250401	0	482	1.7
6721	46.37	8.19	0	20250401	0	1448	3
6722	46.11	7.51	0	20250401	0	1828	2
6724	46.3	7.46	0	20250401	0	1424	2.4
6725	46.42	7.82	0	20250401	0	1538	3
6727	46.3	7.84	0	20250401	0	641	1.8
6728	46.2	7.84	0	20250401	0	1605	1.5
6731	46.75	7.59	0	20250401	0	571	2.6
6733	46.62	7.38	0	20250401	0	821	3.3
6734	46.67	7.87	0	20250401	0	579	3.3
6735	46.49	7.56	0	20250401	0	1328	3.6
6744	46.57	8.33	0	20250401	0	1961	5
6745	46.5	8.31	0	20250401	0	1347	3
6748	46.03	7.75	0	20250401	0	1639	1.8
6750	46.65	8.62	0	20250401	0	2284	3.8
6751	46.44	8.51	0	20250401	0	1896	6.2
6752	46.32	8.6	0	20250401	0	422	4.3
6753	46.51	8.69	0	20250401	0	991	3.8
6756	46.46	8.94	0	20250401	0	577	3.1
6758	46.26	9.16	0	20250401	0	324	3.7
6759	46.2	8.79	0	20250401	0	1662	4.3
6760	46.17	8.79	0	20250401	0	374	4.6
6762	46.16	8.93	0	20250401	0	204	4.7
6770	46	8.96	0	20250401	0	301	4.3
6771	45.84	8.93	0	20250401	0	352	4.3
6774	46.46	9.67	0	20250401	0	1856	2.9
6777	45.93	9.02	0	20250401	0	1601	4.8
6778	46.65	10.27	0	20250401	0	1969	2.7
6779	46.43	9.76	0	20250401	0	1804	2.8
6780	46.83	9.81	0	20250401	0	2673	4.5
6782	46.71	8.85	0	20250401	0	1198	3
6783	46.46	9.18	0	20250401	0	1640	4.7
6784	46.81	9.84	0	20250401	0	1595	3
6785	46.78	9.67	0	20250401	0	1846	3.2
6786	46.87	9.53	0	20250401	0	558	2.4
6787	46.61	9.43	0	20250401	0	989	2.6
6788	46.35	9.63	0	20250401	0	1089	4
6789	46.77	9.22	0	20250401	0	698	2.5
6790	46.98	9.67	0	20250401	0	626	2.7
6791	46.42	9.82	0	20250401	0	3302	3.7
6792	46.53	9.88	0	20250401	0	1709	2
6793	46.76	9.55	0	20250401	0	1570	2.4
6794	46.35	10.06	0	20250401	0	1079	3.1
6795	46.58	9.53	0	20250401	0	2671	2.3
6796	46.6	10.43	0	20250401	0	1384	2.2
6797	46.41	10.02	0	20250401	0	2260	3.3
6798	46.79	10.28	0	20250401	0	1305	2
7490	45.93	6.11	0	20250401	0	459	3.1
7497	45.61	6.76	0	20250401	0	868	2.8
7591	44.57	6.5	0	20250401	0	877	2.2
7593	44.8803	6.64033	0	20250401	0	1310	1.9
7667	43.09	6.15	0	20250401	0	4	1.6
7675	43.38	6.39	0	20250401	0	82	2
7684	43.56	6.95	0	20250401	0	4	2.1
7690	43.65	7.21	0	20250401	0	28	1.8
7753	42.63	8.92	0	20250401	0	145	1.1
7754	42.53	8.79	0	20250401	0	58	1.5
7761	41.92	8.79	0	20250401	0	9	1.6
7765	41.92	9.4	0	20250401	0	17	1.9
7770	41.37	9.18	0	20250401	0	116	1.6
7775	42.26	9.54	0	20250401	0	74	1.6
7780	41.51	9.1	0	20250401	0	23	1.6
7785	43.01	9.36	0	20250401	0	113	0.9
7790	42.54	9.49	0	20250401	0	12	1.7
_0700736	43.99	17.28	0	20250401	0	99999	2.9
_070099f	44.76	15.96	0	20250401	0	99999	2.6
_070281c	43.58	18.8	0	20250401	0	99999	1.9
_0703033	43.73	18.92	0	20250401	0	99999	2.5
_0703910	44.61	16.64	0	20250401	0	99999	2.5
_07042bd	44	18.17	0	20250401	0	99999	2
_0704b12	43.39	17.59	0	20250401	0	99999	4.6
_0705fc1	44	17.5	0	20250401	0	99999	2
_07065cb	44.55	18.09	0	20250401	0	99999	2.3
_07066aa	43.86	17.68	0	20250401	0	99999	2.5
_0706ce5	43.94	17.58	0	20250401	0	99999	2.4
_0706e7c	44.01	18.44	0	20250401	0	99999	2.3
_0706ef9	43.95	18.08	0	20250401	0	99999	2.1
_07077dd	43.66	18.98	0	20250401	0	99999	2.2
_0707b5f	43.9	17.64	0	20250401	0	99999	2.1
_0707cbf	44.71	18.32	0	20250401	0	99999	1.9
_070943e	44.59	18.96	0	20250401	0	99999	2.3
_0709f4d	44.04	17.69	0	20250401	0	99999	2.4
_070a28d	44.36	17.33	0	20250401	0	99999	2.1
_070b223	44.21	17.42	0	20250401	0	99999	2.2
_070bafc	44.1	17.49	0	20250401	0	99999	2
_070be74	44.42	18.01	0	20250401	0	99999	2.4
_070c321	44.8	16.54	0	20250401	0	99999	2.8
_070c9b7	44.23	17.66	0	20250401	0	99999	2.2
_070d0f2	44.23	18.7	0	20250401	0	99999	2.4
_070d3cd	43.89	17.58	0	20250401	0	99999	2.4
_070d423	43.88	18.48	0	20250401	0	99999	2.5
_070d833	44.61	17.99	0	20250401	0	99999	2.3
_070d9ad	44.31	17.57	0	20250401	0	99999	3
_070e9e6	44.26	18.58	0	20250401	0	99999	2.5
_070f669	43.92	17.53	0	20250401	0	99999	2.1
_070fb2a	43.72	18.28	0	20250401	0	99999	3.8
_070fba7	44.16	18.33	0	20250401	0	99999	2.7
_070ff49	44.13	18.12	0	20250401	0	99999	2
_75605cf	46.34	8.98	0	20250401	0	99999	3.8
