#GEO
#FORMAT NCOLS
#COLUMNS
stnid	latitude	longitude	level	date	time	height	values	
# Missing values represented by 3e+38 (not user-changeable)
#METADATA
Parameter = Annual mean climatology for total precipitation (Italy)
Period = All months, 2016–2025
Time window = 1 day(s)
#DATA
11127	46.87	11.02	0	20250201	0	1939	2.6
11201	46.75	12.42	0	20250201	0	1084	3.1
11204	46.83	12.81	0	20250201	0	668	2.6
11213	46.62	13.87	0	20250201	0	495	3.2
11214	46.94	14.91	0	20250201	0	1036	2.6
11225	46.85	14.19	0	20250201	0	712	2.5
11227	46.72	14.1	0	20250201	0	546	2.9
11229	46.76	14.83	0	20250201	0	404	2.1
11232	46.56	14.77	0	20250201	0	531	3.1
11234	46.49	14.59	0	20250201	0	619	3.5
11244	46.87	15.9	0	20250201	0	271	2.2
11252	47	12.46	0	20250201	0	1193	2.4
11255	46.68	13	0	20250201	0	711	3.8
11260	46.99	13.17	0	20250201	0	1201	3.2
11263	46.72	13.29	0	20250201	0	956	3.6
11265	46.6	13.67	0	20250201	0	2160	3.7
11270	46.74	13.08	0	20250201	0	627	3.4
11272	46.79	13.49	0	20250201	0	544	3.2
11275	46.73	13.85	0	20250201	0	892	3
11278	46.63	14.17	0	20250201	0	453	2.9
11285	46.82	15.23	0	20250201	0	355	2.5
11296	46.77	15.55	0	20250201	0	266	2.4
11298	46.95	15.88	0	20250201	0	320	2.1
11310	46.98	10.32	0	20250201	0	2319	2.7
11312	46.97	10.19	0	20250201	0	1577	2.6
11316	46.93	10.88	0	20250201	0	2848	3
11331	46.65	14.32	0	20250201	0	452	2.6
12910	46.92	16.32	0	20250201	0	313	2
12915	46.87	16.8	0	20250201	0	241	1.8
12922	46.68	17.17	0	20250201	0	125	1.8
12925	46.45	16.97	0	20250201	0	141	1.9
12935	46.92	18.05	0	20250201	0	109	1.4
12942	46	18.23	0	20250201	0	203	1.7
12950	46.58	18.85	0	20250201	0	98	1.5
13459	42.77	18.95	0	20250201	0	647	5.5
14014	46.22	14.48	0	20250201	0	383	3.7
14235	45.91	15.97	0	20250201	0	992	3.4
14240	45.82	16.03	0	20250201	0	128	2.5
14241	45.73	16.05	0	20250201	0	109	2.5
14256	45.88	17.2	0	20250201	0	263	2.2
14280	45.5	18.56	0	20250201	0	89	1.9
14284	45.47	18.81	0	20250201	0	89	1.9
14307	44.9	13.93	0	20250201	0	63	2.9
14317	45.22	14.58	0	20250201	0	83	4
14370	45.16	18	0	20250201	0	89	2.1
14382	45.16	18.7	0	20250201	0	98	1.9
14431	44.1	15.36	0	20250201	0	83	2.7
14444	43.54	16.3	0	20250201	0	21	2.5
14445	43.51	16.43	0	20250201	0	128	2.1
14474	42.56	18.27	0	20250201	0	167	3.1
14549	44.22	17.9	0	20250201	0	348	1.8
14648	43.35	17.8	0	20250201	0	108	3.7
14652	43.72	18.27	0	20250201	0	2070	2.9
14654	43.87	18.43	0	20250201	0	638	2.5
14657	42.92	17.6	0	20250201	0	14	1.8
16008	46.76	10.53	0	20250201	0	1461	1.6
16020	46.46	11.33	0	20250201	0	241	2.1
16021	46.3	11.79	0	20250201	0	2006	2.2
16022	46.16	11.03	0	20250201	0	2129	3.3
16054	45.73	7.35	0	20250201	0	552	1
16059	45.2	7.65	0	20250201	0	287	2.1
16061	45.03	7.73	0	20250201	0	710	1.9
16066	45.63	8.72	0	20250201	0	212	2.6
16076	45.67	9.7	0	20250201	0	237	3.2
16080	45.45	9.28	0	20250201	0	103	2.2
16088	45.42	10.28	0	20250201	0	97	2.6
16089	45.46	10.56	0	20250201	0	66	0.8
16090	45.39	10.87	0	20250201	0	68	2.2
16098	45.68	12.11	0	20250201	0	42	2
16099	45.65	12.18	0	20250201	0	23	2.3
16105	45.51	12.35	0	20250201	0	6	2.5
16108	45.83	13.47	0	20250201	0	11	3
16110	45.68	13.75	0	20250201	0	4	2.3
16111	44.24	8.2	0	20250201	0	1383	3
16120	44.41	8.84	0	20250201	0	3	2.9
16129	44.07	9.82	0	20250201	0	522	2
16132	44.53	11.29	0	20250201	0	53	1.7
16133	44.82	11.61	0	20250201	0	11	2
16134	44.19	10.7	0	20250201	0	2173	1.5
16140	44.53	11.3	0	20250201	0	37	1.5
16146	44.44	12.3	0	20250201	0	6	0.6
16148	44.23	12.29	0	20250201	0	10	1.6
16149	44.02	12.61	0	20250201	0	13	1.7
16158	43.68	10.4	0	20250201	0	6	2.5
16170	43.81	11.2	0	20250201	0	38	2.2
16171	43.79	11.22	0	20250201	0	19	1.7
16172	43.46	11.85	0	20250201	0	249	1.5
16179	43.52	12.73	0	20250201	0	574	2.9
16191	43.62	13.36	0	20250201	0	15	1.9
16206	42.75	11.06	0	20250201	0	7	0.9
16214	42.03	11.83	0	20250201	0	4	0.6
16219	42.47	12.98	0	20250201	0	1875	2.3
16224	42.08	12.21	0	20250201	0	266	2.3
16230	42.44	14.19	0	20250201	0	11	1.3
16231	42.42	14.21	0	20250201	0	181	1.8
16239	41.81	12.58	0	20250201	0	105	1.7
16242	41.8	12.24	0	20250201	0	3	1.6
16245	41.66	12.45	0	20250201	0	22	0.6
16252	41.56	14.65	0	20250201	0	807	2.1
16253	41.06	14.08	0	20250201	0	10	2.3
16258	41.71	15.95	0	20250201	0	848	1.6
16261	41.54	15.71	0	20250201	0	60	1.3
16266	41.89	16.16	0	20250201	0	5	1.3
16270	41.14	16.77	0	20250201	0	49	1.2
16280	40.91	12.96	0	20250201	0	185	3.3
16288	41.07	14.32	0	20250201	0	63	2.4
16289	40.88	14.29	0	20250201	0	72	2.1
16294	40.56	14.2	0	20250201	0	161	2.1
16310	40.025	15.2803	0	20250201	0	185	0
16312	40.77	16.94	0	20250201	0	352	1.4
16314	40.68	16.66	0	20250201	0	498	1.8
16320	40.66	17.95	0	20250201	0	10	1.5
16325	40.42	16.89	0	20250201	0	12	1.3
16332	40.24	18.14	0	20250201	0	53	1.7
16334	40.11	18.51	0	20250201	0	81	2
16344	39.33	16.4	0	20250201	0	1677	3.3
16360	39.81	18.34	0	20250201	0	112	1.6
16362	38.91	16.24	0	20250201	0	16	3.6
16364	38.76	16.37	0	20250201	0	998	3.7
16365	38.91	16.6	0	20250201	0	334	2.2
16405	38.18	13.1	0	20250201	0	34	1.4
16415	38.58	14.87	0	20250201	0	47	1.1
16416	38.8	15.23	0	20250201	0	77	3.3
16420	38.2	15.55	0	20250201	0	54	4
16422	38.07	15.65	0	20250201	0	21	1.4
16429	37.91	12.49	0	20250201	0	9	1.1
16436	37.51	13.13	0	20250201	0	126	0.4
16459	37.41	14.92	0	20250201	0	29	1
16460	37.47	15.06	0	20250201	0	17	1.2
16464	37.07	15.28	0	20250201	0	3	0.6
16469	37.93	16.06	0	20250201	0	119	2.5
16520	40.63	8.29	0	20250201	0	40	1.6
16522	40.56	8.16	0	20250201	0	204	1.2
16531	40.9	9.52	0	20250201	0	13	1.3
16546	39.35	8.97	0	20250201	0	24	1
16550	39.93	9.71	0	20250201	0	150	1.6
16560	39.24	9.06	0	20250201	0	2	1.2
36000138	45.87583	18.47028	0	20250201	0	103	1.7
39000173	45.64965	7.152872	0	20250201	0	1194	1.9
39000405	40.78	14.57333	0	20250201	0	15	2.4
39001268	38.94639	16.51972	0	20250201	0	556	2.8
39001610	44.3925	6.939722	0	20250201	0	1856	2.4
39001611	44.94917	7.290833	0	20250201	0	832	3.1
39001612	45.3625	7.219444	0	20250201	0	1471	3.6
39001613	44.52222	8.386111	0	20250201	0	438	2.5
39001614	44.58889	8.877778	0	20250201	0	640	4.7
39001615	45.34167	7.519444	0	20250201	0	776	5
39001799	44.56722	8.659722	0	20250201	0	402	3.8
39002539	45.44139	8.633333	0	20250201	0	153	2
39002545	40.47972	15.64139	0	20250201	0	801	2.6
39003402	44.384	9.06066	0	20250201	0	174	3
39003412	44.48555	8.97849	0	20250201	0	310	3.8
39003413	44.42846	9.06348	0	20250201	0	430	4.4
39003438	43.03055	12.9175	0	20250201	0	-1	2.5
39003439	43.57445	13.52388	0	20250201	0	-1	2.1
39003440	43.36842	13.07953	0	20250201	0	-1	3
39003441	43.7375	12.96922	0	20250201	0	-1	2.1
39003442	43.61095	13.4498	0	20250201	0	-1	1.9
39003443	43.78058	12.34062	0	20250201	0	-1	2.4
39003444	42.62962	13.29463	0	20250201	0	-1	2.4
39003445	43.6605	13.04638	0	20250201	0	-1	2.1
39003446	43.65342	12.55213	0	20250201	0	-1	2.4
39003447	43.46707	12.64052	0	20250201	0	-1	3.5
39003448	43.02597	13.64595	0	20250201	0	-1	2.1
39003450	43.51215	12.55335	0	20250201	0	-1	2.9
39003451	43.18112	12.97333	0	20250201	0	-1	3.1
39003453	42.99213	13.785	0	20250201	0	-1	2.1
39003467	43.44538	13.11565	0	20250201	0	-1	2.4
60360	36.83	7.82	0	20250201	0	8	1.7
60419	36.28	6.62	0	20250201	0	692	1.2
6603	46.47	6.82	0	20250201	0	405	3.3
6604	47	6.95	0	20250201	0	485	2.7
6609	46.55	7.02	0	20250201	0	1975	2.9
6610	46.81	6.94	0	20250201	0	490	2.4
6613	46.6	7.66	0	20250201	0	753	3.1
6614	46.12	7.02	0	20250201	0	990	4
6615	46.07	7.23	0	20250201	0	840	2.3
6617	46.98	6.61	0	20250201	0	1050	3.6
6618	46.74	6.57	0	20250201	0	437	2.3
6619	46.84	6.58	0	20250201	0	1206	3.5
6625	46.77	7.11	0	20250201	0	648	2.6
6627	46.48	7.14	0	20250201	0	1030	3.5
6628	46.75	7.27	0	20250201	0	1043	3.4
6631	46.99	7.46	0	20250201	0	555	2.8
6636	46.97	7.28	0	20250201	0	481	2.8
6637	46.73	8.17	0	20250201	0	591	3.6
6638	46.94	7.81	0	20250201	0	747	3.4
6639	47	7.94	0	20250201	0	1405	4.6
6640	46.66	7.07	0	20250201	0	715	3.2
6642	46.63	9.75	0	20250201	0	1408	2.4
6651	46.95	8.01	0	20250201	0	744	3.7
6652	46.89	8.02	0	20250201	0	940	4.8
6653	47	8.52	0	20250201	0	521	4.8
6655	46.82	8.41	0	20250201	0	1036	4.4
6656	46.74	8.06	0	20250201	0	569	3.4
6657	46.85	8.19	0	20250201	0	471	3.3
6659	46.98	8.25	0	20250201	0	2103	5
6663	46.63	9.19	0	20250201	0	1242	3
6668	46.67	8.59	0	20250201	0	1099	3.6
6672	46.89	8.62	0	20250201	0	439	3.2
6682	46.92	9.18	0	20250201	0	960	4.4
6695	46.63	8.58	0	20250201	0	1438	3.1
6700	46.25	6.13	0	20250201	0	413	2.3
6702	46.42	6.1	0	20250201	0	1670	5.4
6703	46.67	6.31	0	20250201	0	1045	3.6
6704	46.52	6.34	0	20250201	0	685	3
6705	46.4	6.23	0	20250201	0	459	2.8
6707	46.62	6.71	0	20250201	0	859	3.4
6708	46.57	6.86	0	20250201	0	829	3.4
6711	46.51	6.67	0	20250201	0	456	3.2
6712	46.33	6.92	0	20250201	0	382	2.7
6713	46.39	7.1	0	20250201	0	1412	4.2
6715	46.18	7.03	0	20250201	0	482	2.5
6716	46.15	7.62	0	20250201	0	1580	2.2
6717	45.87	7.17	0	20250201	0	2487	5.5
6720	46.22	7.33	0	20250201	0	482	1.7
6721	46.37	8.19	0	20250201	0	1448	3
6722	46.11	7.51	0	20250201	0	1828	2
6724	46.3	7.46	0	20250201	0	1424	2.4
6725	46.42	7.82	0	20250201	0	1538	3
6727	46.3	7.84	0	20250201	0	641	1.8
6728	46.2	7.84	0	20250201	0	1605	1.5
6731	46.75	7.59	0	20250201	0	571	2.6
6733	46.62	7.38	0	20250201	0	821	3.3
6734	46.67	7.87	0	20250201	0	579	3.3
6735	46.49	7.56	0	20250201	0	1328	3.6
6744	46.57	8.33	0	20250201	0	1961	5
6745	46.5	8.31	0	20250201	0	1347	3
6748	46.03	7.75	0	20250201	0	1639	1.8
6750	46.65	8.62	0	20250201	0	2284	3.8
6751	46.44	8.51	0	20250201	0	1896	6.2
6752	46.32	8.6	0	20250201	0	422	4.3
6753	46.51	8.69	0	20250201	0	991	3.8
6756	46.46	8.94	0	20250201	0	577	3.1
6758	46.26	9.16	0	20250201	0	324	3.7
6759	46.2	8.79	0	20250201	0	1662	4.3
6760	46.17	8.79	0	20250201	0	374	4.6
6762	46.16	8.93	0	20250201	0	204	4.7
6770	46	8.96	0	20250201	0	301	4.3
6771	45.84	8.93	0	20250201	0	352	4.3
6774	46.46	9.67	0	20250201	0	1856	2.9
6777	45.93	9.02	0	20250201	0	1601	4.8
6778	46.65	10.27	0	20250201	0	1969	2.7
6779	46.43	9.76	0	20250201	0	1804	2.8
6780	46.83	9.81	0	20250201	0	2673	4.5
6782	46.71	8.85	0	20250201	0	1198	3
6783	46.46	9.18	0	20250201	0	1640	4.7
6784	46.81	9.84	0	20250201	0	1595	3
6785	46.78	9.67	0	20250201	0	1846	3.2
6786	46.87	9.53	0	20250201	0	558	2.4
6787	46.61	9.43	0	20250201	0	989	2.6
6788	46.35	9.63	0	20250201	0	1089	4
6789	46.77	9.22	0	20250201	0	698	2.5
6790	46.98	9.67	0	20250201	0	626	2.7
6791	46.42	9.82	0	20250201	0	3302	3.7
6792	46.53	9.88	0	20250201	0	1709	2
6793	46.76	9.55	0	20250201	0	1570	2.4
6794	46.35	10.06	0	20250201	0	1079	3.1
6795	46.58	9.53	0	20250201	0	2671	2.3
6796	46.6	10.43	0	20250201	0	1384	2.2
6797	46.41	10.02	0	20250201	0	2260	3.3
6798	46.79	10.28	0	20250201	0	1305	2
7490	45.93	6.11	0	20250201	0	459	3.1
7497	45.61	6.76	0	20250201	0	868	2.8
7591	44.57	6.5	0	20250201	0	877	2.2
7593	44.8803	6.64033	0	20250201	0	1310	1.9
7667	43.09	6.15	0	20250201	0	4	1.6
7675	43.38	6.39	0	20250201	0	82	2
7684	43.56	6.95	0	20250201	0	4	2.1
7690	43.65	7.21	0	20250201	0	28	1.8
7753	42.63	8.92	0	20250201	0	145	1.1
7754	42.53	8.79	0	20250201	0	58	1.5
7761	41.92	8.79	0	20250201	0	9	1.6
7765	41.92	9.4	0	20250201	0	17	1.9
7770	41.37	9.18	0	20250201	0	116	1.6
7775	42.26	9.54	0	20250201	0	74	1.6
7780	41.51	9.1	0	20250201	0	23	1.6
7785	43.01	9.36	0	20250201	0	113	0.9
7790	42.54	9.49	0	20250201	0	12	1.7
_75605cf	46.34	8.98	0	20250201	0	99999	3.8
